## GPz 1.0.0 model file
## internal data (do not edit)
# number of features
4
# feature column name
f125w f160w f606w f814w
# feature mean
26.5041 25.861 25.647 25.4716
# feature sigma
0.656995 0.705936 0.56382 0.559761
# output mean
2.93504
## model parameters (can edit)
# num basis functions
25
# BF weights
-2.76311 0.593488 -0.221898 1.24372 -0.298354 -0.285129 -1.37766 2.31355 4.25991 -3.28562 -0.757782 1.22831 5.78753 -0.28216 -5.72598 2.48752 1.21025 4.91806 -0.0554805 -1.48701 -2.42773 1.52736 -5.69742 -1.03656 0.726648
# BF priors
1.95185e-38 1.49561e-24 1.02187e-16 1.01191e-66 1.7686e-49 1.45055e-40 1.10667e-21 1.52309e-79 3.85615e-46 0.877675 0.122266 9.08919e-60 2.44662e-22 1.19639e-32 3.01398e-51 6.5425e-77 2.16128e-67 4.33244e-50 8.56792e-19 5.91287e-05 8.91551e-31 6.54308e-80 3.46956e-62 2.60175e-07 2.54756e-19
# BF log relevances
-0.843651 -0.842513 -0.842559 -0.842943 -0.842664 -0.842545 -0.842603 -0.843234 -0.845487 -0.842903 -0.842772 -0.842748 -0.845732 -0.842651 -0.850297 -0.843408 -0.842824 -0.847748 -0.842586 -0.843045 -0.843538 -0.842995 -0.850028 -0.84252 -0.842543
# BF uncertainty weights
-0.0396998 -0.0300961 -0.0291488 -0.108437 -0.104287 -0.10536 -0.078649 -0.0351848 -0.106509 -0.043869 -0.0611799 -0.0356707 -0.0900642 -0.0333057 -0.103267 -0.0347267 -0.0339279 -0.110509 -0.0597827 -0.0319527 -0.0367732 -0.0348071 -0.114858 -0.0575693 -0.0823312
# BF uncertainty log relevances
0.000405155 0.000403939 0.000403792 0.00041313 0.000413015 0.000413236 0.000410107 0.000403971 0.000413374 0.000405975 0.000408391 0.000404334 0.000411694 0.000404268 0.000412727 0.000403818 0.000403965 0.000413729 0.000408138 0.000404283 0.00040487 0.000403933 0.000414075 0.00040806 0.000410823
# log uncertainty constant
0.70044
# BF inverse covariance
1.6492 -0.119168 0.0636933 0.00789658 -0.129249 0.0963716 0.0536472 -0.0503878 0.0791386 0.103174 -0.130494 -0.308052 0.226354 -0.367845 -0.0814372 0.134252 -0.139942 0.00476322 -0.207134 0.0711668 -0.583664 -0.0457288 -0.0678666 -0.152409 -0.0786789
-0.119168 1.86742 -0.404762 -0.0462288 0.196897 -0.0963777 0.0886461 -0.0355491 -0.071036 -0.0782832 0.114713 -0.153168 -0.0829218 -0.235825 0.0464518 -0.0350588 -0.225804 0.0470126 -0.0488688 -0.264975 -0.286921 -0.180666 -0.0453928 -0.172669 0.177696
0.0636933 -0.404762 1.72098 -0.0496886 0.108867 -0.0265547 0.0604534 -0.0306746 -0.0203685 -0.347836 0.0150302 0.0613574 0.000892875 -0.111621 0.0421633 -0.199936 -0.162175 0.043252 0.0796231 -0.507345 -0.134218 -0.189335 -0.0856595 -0.0897772 0.135215
0.00789658 -0.0462288 -0.0496886 1.2886 -0.0893488 -0.117995 -0.112316 0.0378367 -0.272707 -0.189777 0.190333 -0.00122609 -0.0695737 -0.000878623 -0.275025 -0.00927751 0.0282619 -0.503072 0.0965236 -0.118654 -0.0168567 0.0160144 -0.299829 0.162585 0.338982
-0.129249 0.196897 0.108867 -0.0893488 1.49107 -0.0592843 0.11432 -0.13944 -0.240071 0.101475 -0.189225 -0.0231998 0.13652 -0.00804725 0.00902525 -0.148993 0.0519027 -0.53914 -0.143967 -0.0144262 0.0468289 0.0199627 -0.265568 0.106733 -0.425335
0.0963716 -0.0963777 -0.0265547 -0.117995 -0.0592843 1.84606 -0.186127 0.0308599 -0.286876 0.130587 0.0903253 -0.0191403 -0.331954 0.0176321 -0.394356 0.0535001 -0.0463309 -0.0709276 -0.0699602 0.0727826 0.0287367 -0.032294 -0.41391 -0.147654 -0.115405
0.0536472 0.0886461 0.0604534 -0.112316 0.11432 -0.186127 1.45736 -0.0502076 0.149242 -0.42101 -0.286917 0.00530817 -0.503042 0.0668592 -0.498046 -0.0892489 -0.048463 0.174668 0.117635 0.059738 0.0563252 -0.0816075 0.078067 0.0469634 -0.25864
-0.0503878 -0.0355491 -0.0306746 0.0378367 -0.13944 0.0308599 -0.0502076 1.74679 0.0213451 0.0759182 -0.00396376 -0.3786 0.00965343 -0.220332 0.00640591 -0.545148 -0.296489 -0.0667872 0.0285069 -0.0837863 0.104329 -0.341974 0.0840081 0.215169 -0.0990965
0.0791386 -0.071036 -0.0203685 -0.272707 -0.240071 -0.286876 0.149242 0.0213451 1.69716 0.123592 0.155301 -0.0200863 -0.408627 0.0487724 0.164504 0.0190656 -0.0323631 -0.534052 -0.230578 0.0614261 0.0243005 -0.0282567 -0.146183 -0.18147 -0.0560191
0.103174 -0.0782832 -0.347836 -0.189777 0.101475 0.130587 -0.42101 0.0759182 0.123592 1.37309 -0.457876 0.182973 -0.131332 0.058616 -0.0203235 -0.103344 0.0729185 0.00920812 0.045307 -0.542456 0.0208107 0.0292771 0.134859 -0.109372 -0.0185021
-0.130494 0.114713 0.0150302 0.190333 -0.189225 0.0903253 -0.286917 -0.00396376 0.155301 -0.457876 1.36528 0.0713265 -0.0124148 -0.123429 -0.0254593 0.0464561 0.120624 -0.0595364 -0.0291517 -0.227798 -0.0517965 0.142659 0.0144224 -0.240935 -0.501045
-0.308052 -0.153168 0.0613574 -0.00122609 -0.0231998 -0.0191403 0.00530817 -0.3786 -0.0200863 0.182973 0.0713265 1.81905 -0.0177347 -0.358574 0.00826041 -0.196014 -0.24294 -0.0505016 -0.179943 -0.0126611 -0.162638 -0.181627 0.095627 0.0416405 0.005783
0.226354 -0.0829218 0.000892875 -0.0695737 0.13652 -0.331954 -0.503042 0.00965343 -0.408627 -0.131332 -0.0124148 -0.0177347 1.3438 0.102252 0.0726441 -0.0062292 -0.10057 -0.196995 -0.120065 0.165464 0.107106 -0.106344 0.306805 -0.170117 -0.209542
-0.367845 -0.235825 -0.111621 -0.000878623 -0.00804725 0.0176321 0.0668592 -0.220332 0.0487724 0.058616 -0.123429 -0.358574 0.102252 1.8621 -0.0125122 -0.0426614 -0.136745 -0.0621635 -0.0154052 -0.237997 -0.285648 -0.0383758 -0.0167567 0.0429925 0.025004
-0.0814372 0.0464518 0.0421633 -0.275025 0.00902525 -0.394356 -0.498046 0.00640591 0.164504 -0.0203235 -0.0254593 0.00826041 0.0726441 -0.0125122 1.32282 0.0068999 -0.0147069 0.286148 0.129064 0.0468451 -0.0601595 -0.0259038 -0.682937 0.0457205 -0.0766512
0.134252 -0.0350588 -0.199936 -0.00927751 -0.148993 0.0535001 -0.0892489 -0.545148 0.0190656 -0.103344 0.0464561 -0.196014 -0.0062292 -0.0426614 0.0068999 1.63251 -0.301284 -0.0326091 0.0455218 -0.184678 0.213351 -0.424784 0.0867335 0.204823 -0.0958438
-0.139942 -0.225804 -0.162175 0.0282619 0.0519027 -0.0463309 -0.048463 -0.296489 -0.0323631 0.0729185 0.120624 -0.24294 -0.10057 -0.136745 -0.0147069 -0.301284 1.91957 0.0622403 0.0549443 0.111811 -0.211725 -0.435559 -0.00836293 -0.00969396 0.00477023
0.00476322 0.0470126 0.043252 -0.503072 -0.53914 -0.0709276 0.174668 -0.0667872 -0.534052 0.00920812 -0.0595364 -0.0505016 -0.196995 -0.0621635 0.286148 -0.0326091 0.0622403 1.45354 -0.0110529 -0.0907571 0.0726913 0.0789727 -0.0676138 0.163496 -0.0728537
-0.207134 -0.0488688 0.0796231 0.0965236 -0.143967 -0.0699602 0.117635 0.0285069 -0.230578 0.045307 -0.0291517 -0.179943 -0.120065 -0.0154052 0.129064 0.0455218 0.0549443 -0.0110529 1.3193 -0.0641005 -0.0996239 0.0782194 0.158862 -0.671167 -0.253576
0.0711668 -0.264975 -0.507345 -0.118654 -0.0144262 0.0727826 0.059738 -0.0837863 0.0614261 -0.542456 -0.227798 -0.0126611 0.165464 -0.237997 0.0468451 -0.184678 0.111811 -0.0907571 -0.0641005 1.42947 0.0825228 0.131789 -0.00466745 0.0133155 0.101547
-0.583664 -0.286921 -0.134218 -0.0168567 0.0468289 0.0287367 0.0563252 0.104329 0.0243005 0.0208107 -0.0517965 -0.162638 0.107106 -0.285648 -0.0601595 0.213351 -0.211725 0.0726913 -0.0996239 0.0825228 1.63954 -0.128857 -0.122841 -0.270689 0.0313916
-0.0457288 -0.180666 -0.189335 0.0160144 0.0199627 -0.032294 -0.0816075 -0.341974 -0.0282567 0.0292771 0.142659 -0.181627 -0.106344 -0.0383758 -0.0259038 -0.424784 -0.435559 0.0789727 0.0782194 0.131789 -0.128857 1.80478 -0.00807359 0.0123003 -0.0236802
-0.0678666 -0.0453928 -0.0856595 -0.299829 -0.265568 -0.41391 0.078067 0.0840081 -0.146183 0.134859 0.0144224 0.095627 0.306805 -0.0167567 -0.682937 0.0867335 -0.00836293 -0.0676138 0.158862 -0.00466745 -0.122841 -0.00807359 1.34101 -0.053082 -0.00505993
-0.152409 -0.172669 -0.0897772 0.162585 0.106733 -0.147654 0.0469634 0.215169 -0.18147 -0.109372 -0.240935 0.0416405 -0.170117 0.0429925 0.0457205 0.204823 -0.00969396 0.163496 -0.671167 0.0133155 -0.270689 0.0123003 -0.053082 1.44759 -0.217279
-0.0786789 0.177696 0.135215 0.338982 -0.425335 -0.115405 -0.25864 -0.0990965 -0.0560191 -0.0185021 -0.501045 0.005783 -0.209542 0.025004 -0.0766512 -0.0958438 0.00477023 -0.0728537 -0.253576 0.101547 0.0313916 -0.0236802 -0.00505993 -0.217279 1.66104
# BF positions
-1.69317 -0.390379 -0.4094 -0.087469
-0.720169 -0.877524 -0.439903 -0.826936
-0.192099 -0.611641 -0.652707 -0.883821
2.04082 1.21143 1.15529 0.57368
0.209164 1.08236 0.861399 1.7338
0.675325 1.05487 1.31235 0.80819
0.890774 0.862294 0.627364 -0.0326705
-0.969191 -1.52092 -1.81559 -0.970671
0.490754 0.69788 1.44765 1.51071
0.562447 0.164407 -0.111624 -0.35793
-0.0268922 0.586574 0.0642181 0.416115
-1.54257 -1.38859 -0.807168 -0.465861
0.705766 0.583823 1.09704 0.568056
-1.14516 -0.734971 -0.901436 -0.373052
1.05558 1.71962 0.972045 0.240152
-0.104706 -1.33896 -1.82343 -1.39786
-1.31778 -1.31743 -0.746231 -1.43171
0.975725 0.879475 1.09457 1.82069
-0.745595 -0.0884888 0.562984 0.819916
0.103414 -0.382914 -0.776211 -0.361177
-1.48197 -0.38641 -0.208178 -0.452555
-1.13081 -1.43617 -0.882452 -1.8734
0.769383 1.861 1.41234 0.884883
-0.545324 0.1558 0.580272 0.427797
-0.115069 0.756911 0.606163 0.928461
# BF covariances
0.403414 0 0 0
0 0.38197 0 0
0 0 0.391792 0
0 0 0 0.407676
0.424372 0 0 0
0 0.42461 0 0
0 0 0.424901 0
0 0 0 0.423167
0.445874 0 0 0
0 0.442114 0 0
0 0 0.446237 0
0 0 0 0.448746
0.317272 0 0 0
0 0.324108 0 0
0 0 0.322676 0
0 0 0 0.300797
0.342556 0 0 0
0 0.361644 0 0
0 0 0.357767 0
0 0 0 0.355174
0.374244 0 0 0
0 0.368958 0 0
0 0 0.369709 0
0 0 0 0.376107
0.434343 0 0 0
0 0.423283 0 0
0 0 0.424603 0
0 0 0 0.443601
0.304011 0 0 0
0 0.327052 0 0
0 0 0.307007 0
0 0 0 0.30035
0.323552 0 0 0
0 0.407221 0 0
0 0 0.372108 0
0 0 0 0.351343
0.500432 0 0 0
0 0.488458 0 0
0 0 0.497641 0
0 0 0 0.519432
0.499513 0 0 0
0 0.485464 0 0
0 0 0.490855 0
0 0 0 0.507936
0.341611 0 0 0
0 0.35558 0 0
0 0 0.347383 0
0 0 0 0.342064
0.402265 0 0 0
0 0.480996 0 0
0 0 0.450628 0
0 0 0 0.380734
0.406746 0 0 0
0 0.400068 0 0
0 0 0.404591 0
0 0 0 0.40936
0.36294 0 0 0
0 0.34739 0 0
0 0 0.297384 0
0 0 0 0.410258
0.312102 0 0 0
0 0.334347 0 0
0 0 0.311168 0
0 0 0 0.301389
0.327319 0 0 0
0 0.341748 0 0
0 0 0.332551 0
0 0 0 0.325027
0.313627 0 0 0
0 0.393242 0 0
0 0 0.360362 0
0 0 0 0.346907
0.43802 0 0 0
0 0.454102 0 0
0 0 0.450679 0
0 0 0 0.44299
0.479901 0 0 0
0 0.471016 0 0
0 0 0.482685 0
0 0 0 0.494611
0.417307 0 0 0
0 0.401018 0 0
0 0 0.409948 0
0 0 0 0.423801
0.303756 0 0 0
0 0.322946 0 0
0 0 0.309931 0
0 0 0 0.299466
0.345228 0 0 0
0 0.328698 0 0
0 0 0.279305 0
0 0 0 0.348927
0.481343 0 0 0
0 0.473225 0 0
0 0 0.476708 0
0 0 0 0.484615
0.431789 0 0 0
0 0.44342 0 0
0 0 0.440405 0
0 0 0 0.435627
