## GPz 1.0.0 model file
## internal data (do not edit)
# number of features
7
# feature column name
f125w f160w g i r u z
# feature mean
25.1947 24.5533 23.9402 23.4119 23.113 22.6958 22.4373
# feature sigma
1.47837 1.42965 1.46147 1.4822 1.46697 1.45151 1.46045
# output mean
1.15261
## model parameters (can edit)
# num basis functions
50
# BF weights
0.613051 0.921269 -0.203724 0.963132 0.213732 0.437174 -1.47648 -0.145717 0.524193 3.46835 0.845711 -0.335418 1.02969 -0.754628 0.923637 -0.709384 -0.732617 -1.43836 -0.0281032 -0.502551 -0.833732 0.251889 -0.0840168 -0.728077 -0.595894 1.74954 0.311472 -0.916536 0.985155 0.25769 2.45276 2.79415 -0.313806 -0.46934 -1.06335 0.626198 0.0793191 0.912148 0.681424 -0.467173 0.0422928 -0.748455 -1.55587 -1.74347 0.104477 0.135477 0.857958 0.046287 -0.0162843 1.15435
# BF priors
0.069266 2.82671e-156 1.55956e-204 2.26612e-33 0 4.44e-142 1.16234e-171 7.46436e-157 0.00273309 3.69359e-237 2.30546e-96 1.63702e-136 1.00183e-115 0 1.22157e-275 2.34217e-299 0 2.39763e-11 2.42895e-198 6.63216e-133 2.42275e-109 5.73509e-287 3.30807e-112 0.000179758 1.35117e-180 0 5.08939e-229 1.35189e-149 6.3318e-306 8.88828e-232 1.05182e-262 0.77169 8.05032e-136 3.0893e-220 2.76596e-161 4.35769e-224 0 1.47989e-58 8.94726e-65 4.22647e-284 0.132552 0 4.57651e-148 7.23563e-15 4.25683e-79 1.18314e-174 0 0.0235512 2.78654e-05 5.66852e-109
# BF log relevances
0.230527 0.312276 0.313091 0.195067 0.27841 0.311594 0.118271 0.320592 0.10631 -0.0718683 0.292567 0.196536 0.0694988 0.255709 0.283302 0.146131 0.242663 0.325339 0.282439 0.156995 0.267984 0.276987 0.211945 0.311512 0.283694 0.0878076 0.306305 0.174257 0.117276 0.307803 -0.0344916 -0.0230814 0.315027 0.29185 0.275771 0.29435 0.211873 0.278029 0.291277 0.254279 0.222673 0.31292 0.269682 -0.0257887 0.315272 0.31783 0.281147 0.353331 0.250513 0.239112
# BF uncertainty weights
2.08737 0.477995 -2.97411 1.8269 -0.700499 0.334738 -1.35043 -2.54642 -1.65209 2.54917 -1.27056 -0.986026 1.24373 -0.585977 1.95464 2.99437 -1.27008 -0.269222 1.62066 -0.262345 0.0057856 -2.75169 1.7469 0.221612 -1.10545 -0.363939 -0.556428 -0.558763 0.649625 0.720211 0.841747 -2.50233 -0.0977491 0.900097 1.13743 -1.87105 1.08182 -0.93436 -1.00932 0.036763 -0.425817 -1.48223 0.417248 1.69427 3.17753 0.344406 -1.95336 0.379477 0.852923 0.869717
# BF uncertainty log relevances
0.024081 0.0671503 0.173166 0.0332336 0.11297 0.0690488 0.111844 0.174539 0.151667 0.00103489 0.145548 0.109719 0.0743148 0.114706 0.0318161 -0.0187574 0.122146 0.107816 0.0224666 0.105483 0.0938188 0.179257 0.0550833 0.0737587 0.11573 0.0940774 0.103406 0.105663 0.0693061 0.0559365 0.0360063 0.136794 0.0861883 0.0415289 0.031628 0.137198 0.0369643 0.119906 0.131406 0.0931174 0.0871384 0.147051 0.0693822 0.036888 0.0151949 0.0754845 0.151567 0.0753688 0.0425475 0.0483898
# log uncertainty constant
-1.14195
# BF inverse covariance
0.00606096 0.00102387 0.00163538 -0.000874661 0.00498018 0.00374718 -0.000853147 -0.00112448 -0.000234383 0.00790947 -0.000760043 -0.000867394 -0.000463861 -0.0020738 -0.0001472 -0.00270742 0.000198347 0.00407456 8.33592e-05 -0.00321411 -0.00453457 -9.45813e-05 0.000161211 -0.00169401 0.000547595 0.00224606 -0.00158759 0.00231018 -0.00058422 0.00135795 0.000707234 0.00123433 -0.00220326 0.00174199 0.00267751 0.00339084 -0.00394751 -0.00424717 0.00175607 0.00372866 -0.000749083 0.00109777 -0.0027116 0.00194884 4.30899e-05 -0.00265896 0.00129269 -0.000926182 0.0015303 -0.00169313
0.00102387 0.384966 0.012463 0.000264617 0.00376914 -0.0693867 4.78726e-06 -0.0250127 -0.00355697 -0.00225186 -0.000507888 0.0128894 -0.00119597 -0.024809 -0.00589163 -3.48737e-06 -0.0129692 0.0137938 -0.000549385 0.000121026 -0.0146377 -0.00828784 0.00804625 0.0125669 0.012699 -0.000638468 -0.0486536 -0.0423706 -0.00527823 -0.0848043 -0.0115148 -0.00661541 0.000793621 -0.00928229 -0.00345233 0.0136403 0.00347239 -0.0177908 0.0022577 -0.0384763 0.00360372 0.041204 0.0722245 -0.00153038 0.00255173 -0.17014 -0.0234128 0.0251505 0.0137874 -0.0446067
0.00163538 0.012463 0.0264545 0.00653411 -0.00897338 -0.0212558 -0.00641379 -0.00144256 -0.000673767 0.00282108 0.00523125 0.00525986 0.00108991 0.00553036 -0.00214328 -0.00182327 0.00286869 0.00713977 0.000437542 -0.00381522 -0.0117827 0.00354494 0.00018187 -0.000350119 0.00387466 -0.000974122 -0.000318848 -0.00922063 -0.00644856 -0.0156224 0.00814316 0.00195931 -0.00490326 -0.0266885 0.0120221 -0.00458377 0.0028571 -0.000280207 -0.00550136 0.0038221 -0.0117712 -0.0031661 0.0203164 0.00448879 -0.000619468 0.0176728 -0.00278041 0.00861359 0.00641242 0.00504539
-0.000874661 0.000264617 0.00653411 0.0253417 0.00201177 -0.0030316 -0.00654625 -0.00524336 0.00203413 0.000808202 0.00184361 0.0133331 0.00189267 0.00205865 0.00341602 -0.00337794 -0.00182361 -0.00271287 -0.000895688 0.00343099 -0.0111776 0.000998334 8.34705e-06 -0.00394735 0.000510302 0.00491072 0.00205411 0.00155393 -0.00507135 -0.00139196 0.00167297 0.00178878 0.00276317 -0.0108543 -0.00294315 -0.000341515 0.00166858 0.00934605 -0.00168685 0.00717137 -0.00277602 -0.00383757 0.00849137 0.00573623 0.00235186 -0.00751118 -0.00274068 0.00312942 -0.0012819 0.00882645
0.00498018 0.00376914 -0.00897338 0.00201177 0.0723096 0.0504879 -0.00794597 0.0259467 -0.00305824 0.00531583 -0.0228748 0.00885731 0.00512456 -0.0253572 -0.00655735 0.000910041 0.0103908 -0.00119726 0.000753029 -0.00448096 -0.0177462 -0.00078231 0.00575128 -0.00265493 0.00233225 -0.00936286 -0.0200911 0.00110531 4.91388e-05 0.0340689 0.021554 -0.0027016 0.00302532 -0.00826432 0.00613969 0.00726006 0.00422798 -0.0478401 0.00318956 -0.0186187 0.0044569 0.0236139 -0.0346355 -0.0031278 0.00101727 -0.0260156 -0.00636856 0.00864168 -0.0104831 -0.028478
0.00374718 -0.0693867 -0.0212558 -0.0030316 0.0504879 0.40968 0.00484144 0.0123118 -0.00443003 0.00961165 -0.0104612 0.00408959 0.00450058 -0.00945617 0.00323021 0.000232813 0.0140127 0.00376385 -0.00106167 -0.00895425 -0.00173028 0.00200865 0.00273751 -0.209883 0.00241382 0.00426414 -0.00427734 -0.00622769 0.00750988 -0.0277696 0.0174647 -0.00775622 -0.00375166 0.0838286 -0.00326423 -0.00227663 0.000804385 -0.0182167 0.000140702 0.00126884 0.00254127 0.00405262 -0.0836861 -0.00441489 -0.000184208 -0.0486469 -0.00869063 -0.0126223 0.0119875 -0.103858
-0.000853147 4.78726e-06 -0.00641379 -0.00654625 -0.00794597 0.00484144 0.0222937 0.00788325 -0.000495093 -0.00630974 0.00177337 -0.0128549 -0.00339038 0.00361179 0.000921392 -0.00148059 -0.00328069 -0.0125941 0.000254423 0.00583838 0.00291287 -0.00370049 0.00181622 0.00419359 1.36091e-05 0.00439616 0.00537509 0.00234196 0.00257309 -0.00987329 -0.00241893 -0.0149994 -0.000769909 0.00192498 -0.0108777 0.00543136 0.00424355 0.00176219 -0.00152252 0.00179341 0.00451634 -0.00570633 0.000800855 -0.00490469 -0.00207409 0.00616415 -0.00558961 -0.000149246 0.0118353 -0.0115455
-0.00112448 -0.0250127 -0.00144256 -0.00524336 0.0259467 0.0123118 0.00788325 0.0860151 -0.00349433 -0.00403807 -0.0248476 -0.0114588 -0.00621345 -0.0189864 -0.00627816 -0.000620217 0.0210999 -0.0300314 0.00067743 0.0128418 0.00253709 -0.00693894 0.00939364 0.0242618 -0.00394532 -0.0160615 0.00108379 0.0112072 0.00161923 -0.00184875 0.0269714 -0.00554221 0.00350904 -0.0188307 0.00783776 -0.0010422 0.0178837 -0.0375546 -0.0258991 0.00560073 0.00417933 0.0186792 -0.0208601 -0.019984 -0.00321069 0.00987096 -0.0380184 0.000174091 -0.00635052 -0.00510162
-0.000234383 -0.00355697 -0.000673767 0.00203413 -0.00305824 -0.00443003 -0.000495093 -0.00349433 0.00855656 0.00233582 -0.00204672 -0.00159069 -0.0001378 0.00127024 -0.000388893 -0.000991667 0.000876006 0.000757163 0.000724459 -0.000184911 0.00587789 -0.00499454 -0.000681909 -0.00131944 -0.000460215 0.00114671 0.00284198 0.000272268 -0.000560201 0.00229253 0.00102875 0.00614527 -0.000493818 -0.00646496 -0.00252507 -0.00108556 0.00297435 0.00290079 0.00162832 0.000486898 -0.0037643 -0.00187716 0.00368319 0.00418038 0.000897614 -0.0029985 0.00174274 -0.000196846 0.00165766 0.00968552
0.00790947 -0.00225186 0.00282108 0.000808202 0.00531583 0.00961165 -0.00630974 -0.00403807 0.00233582 0.037184 0.00970945 -0.000244813 0.00105669 0.000896745 -0.00285264 -0.0102613 0.00509558 0.00270823 0.00131749 -0.0010098 -0.0176708 -0.00323777 -0.000177295 -0.00462073 0.000624819 0.00632577 -0.00339307 0.0116876 -0.00176023 0.0202837 -0.000945165 0.0130372 -0.0173272 0.0198866 0.00487101 0.00228914 -0.0105581 -0.00239759 0.000983945 0.00520862 0.000142431 -0.00280758 -0.0102954 0.000571127 0.00241609 -0.0191419 0.000695133 0.00185176 -0.00240795 -0.00456791
-0.000760043 -0.000507888 0.00523125 0.00184361 -0.0228748 -0.0104612 0.00177337 -0.0248476 -0.00204672 0.00970945 0.0736529 0.00311792 0.00617174 0.0202712 0.00641106 0.0032284 -0.00102589 -0.0171326 -0.00155178 0.008624 -0.0317704 0.0100465 0.000566164 -0.00410684 0.00729429 0.00833135 -0.0216085 0.000238249 -4.35484e-05 -0.00301031 -0.0294206 0.00154068 -0.00477414 0.0409046 -0.0128731 -0.000600465 -0.0142366 0.00368185 0.00156392 -0.0142558 -0.00386406 -0.0242288 0.00477628 -0.00520542 -0.00180088 0.0215703 0.0113815 0.0166359 -0.0115079 -0.0131981
-0.000867394 0.0128894 0.00525986 0.0133331 0.00885731 0.00408959 -0.0128549 -0.0114588 -0.00159069 -0.000244813 0.00311792 0.0354149 0.00702197 0.00489577 0.00278871 0.00293915 0.00105586 -0.00316019 -0.0019793 0.00126683 -0.016797 0.00729798 0.00157677 -0.0175424 0.0036738 0.00185481 -0.00124516 -0.000936886 0.00156308 0.0174028 0.0164722 -0.000788843 -0.00369916 -0.0265846 0.00098806 -0.00295291 0.00733053 0.000240077 0.00204707 -0.000956128 0.000603332 -0.00598238 0.00117272 0.000435339 0.00233737 -0.018667 0.0015667 0.00991462 -0.0102511 -0.00574548
-0.000463861 -0.00119597 0.00108991 0.00189267 0.00512456 0.00450058 -0.00339038 -0.00621345 -0.0001378 0.00105669 0.00617174 0.00702197 0.0127066 0.0047783 0.00131437 0.00029138 -0.00019149 -0.000657606 6.00904e-05 0.00125993 -0.00577931 0.00458606 -0.00343875 -0.000849935 0.000523816 0.00166117 0.00433759 -0.0028599 0.000685291 0.00256164 0.00209758 0.000714682 -0.000695179 -0.00628322 -0.00181022 0.000410972 0.00353263 -0.00945458 0.00421913 -0.00549001 -6.60163e-05 -0.0101106 0.00340009 0.000801421 -0.00154898 -0.00704227 0.00373649 -0.00128426 -0.00314817 -0.00269087
-0.0020738 -0.024809 0.00553036 0.00205865 -0.0253572 -0.00945617 0.00361179 -0.0189864 0.00127024 0.000896745 0.0202712 0.00489577 0.0047783 0.0296089 0.00376255 -0.000169349 -0.00424408 -0.0103779 -0.000538983 0.00449791 -0.0217333 0.0023952 -0.00146322 -0.00801506 0.00226003 0.00752559 0.0154185 0.00120108 -0.000838163 -0.00483218 -0.00821484 -0.00102341 -0.0036401 0.00526241 -0.00662329 0.0006061 -0.00156744 0.0166012 0.00273019 0.00859125 -0.00142972 -0.0324055 0.0126551 0.00304166 -0.00069524 0.0134024 0.00508771 0.0150078 0.00121415 0.00390762
-0.0001472 -0.00589163 -0.00214328 0.00341602 -0.00655735 0.00323021 0.000921392 -0.00627816 -0.000388893 -0.00285264 0.00641106 0.00278871 0.00131437 0.00376255 0.0195116 -0.00222434 -0.00421127 -0.00259502 -0.00200987 0.00297361 -0.00424648 0.0126813 6.37919e-05 0.00399018 -0.000334248 0.0168304 0.000566663 0.0018714 -0.000380492 0.0204143 -0.0110686 -0.000550147 -0.000861888 0.00508535 -0.000541518 0.00213263 -0.0136021 0.0124957 -0.00308885 0.00323976 0.000107811 -0.00341273 -0.0154678 -0.00130278 -0.000852274 -0.0131482 -0.00108031 -0.00181685 0.00809269 -0.00387594
-0.00270742 -3.48737e-06 -0.00182327 -0.00337794 0.000910041 0.000232813 -0.00148059 -0.000620217 -0.000991667 -0.0102613 0.0032284 0.00293915 0.00029138 -0.000169349 -0.00222434 0.01428 -0.000529153 -0.000989729 0.000774334 0.00131075 0.00758322 0.00394737 0.000281548 -0.00145358 0.00101628 -0.00723586 -0.00447212 -0.00335659 -0.000601142 -0.00539791 0.000985934 -0.00407397 0.012614 -0.00688818 -0.00951923 -0.000705202 0.00801631 -0.00395821 0.000148858 -0.00714986 0.000616739 0.000980777 0.00380811 0.000456217 -0.00181195 -0.00287754 0.00290678 0.00273828 -0.00337472 0.00240825
0.000198347 -0.0129692 0.00286869 -0.00182361 0.0103908 0.0140127 -0.00328069 0.0210999 0.000876006 0.00509558 -0.00102589 0.00105586 -0.00019149 -0.00424408 -0.00421127 -0.000529153 0.034256 -0.00127084 -0.000716204 -0.00109574 -0.00128359 -0.00085638 0.00311551 0.0190615 0.00574561 -0.00549706 -0.00330251 -0.00928676 0.00127973 0.00775405 0.0135957 0.00302704 -0.000259237 -0.0194609 0.0067871 -0.0154164 0.0100598 -0.0138882 -0.0028588 -0.00560758 -0.00762181 0.00386868 -0.00198671 0.00417984 0.00100177 -0.0102052 -0.0362301 0.00696941 -0.00961864 -0.00168454
0.00407456 0.0137938 0.00713977 -0.00271287 -0.00119726 0.00376385 -0.0125941 -0.0300314 0.000757163 0.00270823 -0.0171326 -0.00316019 -0.000657606 -0.0103779 -0.00259502 -0.000989729 -0.00127084 0.0649918 0.000812139 -0.0298529 0.00447998 -0.00176239 -0.00943551 0.00190134 0.00137089 -0.00304921 -0.00850922 -0.0122676 -0.00466983 -0.00612084 0.00671608 0.00660893 0.00223816 -0.0153462 0.0120606 -0.00926176 -0.001908 0.00468609 0.00244754 0.00526144 -0.00838507 0.0237315 0.00582382 0.0136622 0.00227112 -0.00434228 0.0185986 -0.016228 0.00840504 0.00122464
8.33592e-05 -0.000549385 0.000437542 -0.000895688 0.000753029 -0.00106167 0.000254423 0.00067743 0.000724459 0.00131749 -0.00155178 -0.0019793 6.00904e-05 -0.000538983 -0.00200987 0.000774334 -0.000716204 0.000812139 0.00190773 -0.000302465 0.00282499 -0.0015369 -0.00037327 0.000816803 -0.000250684 -0.00110251 0.000359414 0.0011706 -0.00127073 -0.00244653 0.00247254 0.000115274 0.00104377 -0.00198111 -0.000496582 0.000991479 0.00163333 -0.00261804 0.000893441 -0.000948554 -0.00080352 0.000252955 7.85243e-05 0.00181652 -0.000338448 0.000912389 0.00186327 -0.000192407 -0.00290681 0.0026268
-0.00321411 0.000121026 -0.00381522 0.00343099 -0.00448096 -0.00895425 0.00583838 0.0128418 -0.000184911 -0.0010098 0.008624 0.00126683 0.00125993 0.00449791 0.00297361 0.00131075 -0.00109574 -0.0298529 -0.000302465 0.0229297 -0.000413011 0.00199742 0.00348877 -0.00387869 -0.00264454 0.00265031 0.00597757 0.00741281 0.000496466 -0.00823774 -0.00827609 -0.00511913 0.00224959 0.00279188 -0.0063711 0.00499098 -0.00197302 -0.000523845 -0.00507316 0.00355385 0.00566565 -0.0117163 0.00539485 -0.00674251 -0.0028855 0.00838955 -0.00655912 -8.3268e-05 -0.00376865 0.00551178
-0.00453457 -0.0146377 -0.0117827 -0.0111776 -0.0177462 -0.00173028 0.00291287 0.00253709 0.00587789 -0.0176708 -0.0317704 -0.016797 -0.00577931 -0.0217333 -0.00424648 0.00758322 -0.00128359 0.00447998 0.00282499 -0.000413011 0.149288 0.00340565 0.00045185 -0.00153761 -0.0063671 -0.00357278 -0.0130003 -0.00223423 0.00135885 0.00938503 0.00949955 0.00452642 0.0161217 -0.0408603 -0.00444543 -0.00468182 0.0210543 -0.00557128 0.00858996 -0.0570279 -0.00664768 0.0328462 -0.0136941 0.00738486 -0.00326277 0.0115887 0.00711001 -0.0344991 -0.0108262 0.0332441
-9.45813e-05 -0.00828784 0.00354494 0.000998334 -0.00078231 0.00200865 -0.00370049 -0.00693894 -0.00499454 -0.00323777 0.0100465 0.00729798 0.00458606 0.0023952 0.0126813 0.00394737 -0.00085638 -0.00176239 -0.0015369 0.00199742 0.00340565 0.0309144 0.000107873 -0.00458402 0.000894078 0.00970199 -0.00597837 -0.00127722 -0.00200296 0.0212978 -0.0112648 -0.00445133 -0.00579166 0.00296315 0.000460393 -0.00135655 -0.00402165 0.000948027 -0.00118759 -0.00725473 -0.000377863 -0.00147154 -0.0137751 0.000654054 -0.00189378 -0.016755 0.00644626 0.0023715 0.00450991 0.00405013
0.000161211 0.00804625 0.00018187 8.34705e-06 0.00575128 0.00273751 0.00181622 0.00939364 -0.000681909 -0.000177295 0.000566164 0.00157677 -0.00343875 -0.00146322 6.37919e-05 0.000281548 0.00311551 -0.00943551 -0.00037327 0.00348877 0.00045185 0.000107873 0.00676423 -0.000656169 0.00254531 -0.00117344 -0.0114141 -0.000127131 9.16787e-05 0.00215408 0.0021779 -0.00231333 0.00166185 -0.00369452 -0.000472236 0.00207478 0.00223435 -0.00680415 -0.00464084 -0.00770907 -0.000241992 0.00706614 -0.0034104 -0.00466292 -0.000659499 -0.00141749 -0.00613438 0.00889069 -0.0049899 -0.00405006
-0.00169401 0.0125669 -0.000350119 -0.00394735 -0.00265493 -0.209883 0.00419359 0.0242618 -0.00131944 -0.00462073 -0.00410684 -0.0175424 -0.000849935 -0.00801506 0.00399018 -0.00145358 0.0190615 0.00190134 0.000816803 -0.00387869 -0.00153761 -0.00458402 -0.000656169 0.227216 0.00159859 0.000517514 -0.00281252 -0.022873 -0.00497079 0.0247554 -0.00812434 -0.000866795 0.017855 -0.0190854 0.00350229 0.00194496 -0.00997532 -0.00418868 0.000928078 -0.0174432 0.00111993 0.0137027 0.00385732 -0.00172882 0.0010413 -0.00244525 -0.0503955 -0.00126045 0.00721546 0.0134293
0.000547595 0.012699 0.00387466 0.000510302 0.00233225 0.00241382 1.36091e-05 -0.00394532 -0.000460215 0.000624819 0.00729429 0.0036738 0.000523816 0.00226003 -0.000334248 0.00101628 0.00574561 0.00137089 -0.000250684 -0.00264454 -0.0063671 0.000894078 0.00254531 0.00159859 0.00756769 -0.000429753 -0.00612909 -0.00578378 -0.00120278 -0.00516583 0.00247069 -0.00118969 0.0011245 -0.00449862 -0.00240613 -0.000480863 0.00399611 -0.0078905 -0.000440376 -0.00758852 -0.00194404 -0.00139477 0.00345203 0.000512075 -0.000952848 -0.00425558 -0.00649177 0.0103659 -0.00386498 -0.00500121
0.00224606 -0.000638468 -0.000974122 0.00491072 -0.00936286 0.00426414 0.00439616 -0.0160615 0.00114671 0.00632577 0.00833135 0.00185481 0.00166117 0.00752559 0.0168304 -0.00723586 -0.00549706 -0.00304921 -0.00110251 0.00265031 -0.00357278 0.00970199 -0.00117344 0.000517514 -0.000429753 0.0288993 0.00403041 0.00775507 -0.00153311 0.0393731 -0.00874506 -0.00249718 -0.0176325 -0.00859805 -0.00233277 0.00610709 -0.0116026 0.0165786 0.00545552 0.00223097 -0.0030552 -0.00967771 -0.0119279 0.00803527 -8.3183e-05 -0.0210446 0.000234828 -0.00345246 0.0135926 -0.0105773
-0.00158759 -0.0486536 -0.000318848 0.00205411 -0.0200911 -0.00427734 0.00537509 0.00108379 0.00284198 -0.00339307 -0.0216085 -0.00124516 0.00433759 0.0154185 0.000566663 -0.00447212 -0.00330251 -0.00850922 0.000359414 0.00597757 -0.0130003 -0.00597837 -0.0114141 -0.00281252 -0.00612909 0.00403041 0.0690569 0.00664699 0.00344153 -0.0110583 0.00573471 -0.000200671 -0.00955968 -0.00486555 4.03087e-05 -0.000435946 0.00432259 0.0245434 0.00416263 0.0472354 0.00615576 -0.0452294 0.0177667 0.00519371 0.000324996 0.00563161 -0.00677023 -0.0166945 0.0190006 0.0213959
0.00231018 -0.0423706 -0.00922063 0.00155393 0.00110531 -0.00622769 0.00234196 0.0112072 0.000272268 0.0116876 0.000238249 -0.000936886 -0.0028599 0.00120108 0.0018714 -0.00335659 -0.00928676 -0.0122676 0.0011706 0.00741281 -0.00223423 -0.00127722 -0.000127131 -0.022873 -0.00578378 0.00775507 0.00664699 0.048042 -2.33734e-05 0.0359742 0.000596837 -0.000217251 -0.0134515 0.0123139 -0.00331261 0.00486157 -0.00531042 -0.00138356 -0.00453868 0.0109516 0.0021515 -0.00501038 -0.0220355 0.00231461 -0.000514375 0.00433183 0.023267 0.00171421 -0.0207946 0.0157861
-0.00058422 -0.00527823 -0.00644856 -0.00507135 4.91388e-05 0.00750988 0.00257309 0.00161923 -0.000560201 -0.00176023 -4.35484e-05 0.00156308 0.000685291 -0.000838163 -0.000380492 -0.000601142 0.00127973 -0.00466983 -0.00127073 0.000496466 0.00135885 -0.00200296 9.16787e-05 -0.00497079 -0.00120278 -0.00153311 0.00344153 -2.33734e-05 0.00899029 0.0137721 0.00257379 0.000441001 -0.00621094 0.00324765 -0.0001078 -0.00290646 0.00316321 0.00178529 0.00226268 0.00178277 0.00285426 -0.00150094 -0.00513342 -0.0078805 7.20034e-05 -0.00465576 -0.00101973 -0.00622413 -9.60575e-05 -0.00191192
0.00135795 -0.0848043 -0.0156224 -0.00139196 0.0340689 -0.0277696 -0.00987329 -0.00184875 0.00229253 0.0202837 -0.00301031 0.0174028 0.00256164 -0.00483218 0.0204143 -0.00539791 0.00775405 -0.00612084 -0.00244653 -0.00823774 0.00938503 0.0212978 0.00215408 0.0247554 -0.00516583 0.0393731 -0.0110583 0.0359742 0.0137721 0.320355 0.00776481 0.0117772 -0.0642528 -0.0756192 0.00594621 0.000244903 -0.00936507 0.00282962 0.0177938 -0.0335076 -0.00342296 0.00915334 -0.0946161 -0.00129479 0.00374536 -0.0781105 0.00633596 -0.0157856 0.016842 -0.024725
0.000707234 -0.0115148 0.00814316 0.00167297 0.021554 0.0174647 -0.00241893 0.0269714 0.00102875 -0.000945165 -0.0294206 0.0164722 0.00209758 -0.00821484 -0.0110686 0.000985934 0.0135957 0.00671608 0.00247254 -0.00827609 0.00949955 -0.0112648 0.0021779 -0.00812434 0.00247069 -0.00874506 0.00573471 0.000596837 0.00257379 0.00776481 0.0740632 -0.00198702 -0.00265231 -0.0820679 0.00658526 -0.00799157 0.0432696 -0.0278353 -0.00704431 -0.00143552 -0.00635911 0.00891859 -0.00379059 -0.00105827 0.000285674 -0.0153986 -0.00336046 0.00752796 -0.0179963 0.00702937
0.00123433 -0.00661541 0.00195931 0.00178878 -0.0027016 -0.00775622 -0.0149994 -0.00554221 0.00614527 0.0130372 0.00154068 -0.000788843 0.000714682 -0.00102341 -0.000550147 -0.00407397 0.00302704 0.00660893 0.000115274 -0.00511913 0.00452642 -0.00445133 -0.00231333 -0.000866795 -0.00118969 -0.00249718 -0.000200671 -0.000217251 0.000441001 0.0117772 -0.00198702 0.0258415 -0.00488516 0.0157585 0.00510769 -0.00520418 -0.00549967 0.00410042 0.00246779 0.000652903 -0.00362774 0.00104927 -0.00134764 0.000934181 0.00223183 -0.0100721 0.00301526 -0.00285208 -0.00623404 0.0169816
-0.00220326 0.000793621 -0.00490326 0.00276317 0.00302532 -0.00375166 -0.000769909 0.00350904 -0.000493818 -0.0173272 -0.00477414 -0.00369916 -0.000695179 -0.0036401 -0.000861888 0.012614 -0.000259237 0.00223816 0.00104377 0.00224959 0.0161217 -0.00579166 0.00166185 0.017855 0.0011245 -0.0176325 -0.00955968 -0.0134515 -0.00621094 -0.0642528 -0.00265231 -0.00488516 0.0663394 0.00367584 -0.00915676 -0.00170984 0.00114532 -0.00235915 -0.00863553 -0.00978458 -0.00126695 0.00951215 0.00713856 0.00498414 -0.00208499 0.0105921 -0.005209 0.00951685 -0.0187133 0.0163012
0.00174199 -0.00928229 -0.0266885 -0.0108543 -0.00826432 0.0838286 0.00192498 -0.0188307 -0.00646496 0.0198866 0.0409046 -0.0265846 -0.00628322 0.00526241 0.00508535 -0.00688818 -0.0194609 -0.0153462 -0.00198111 0.00279188 -0.0408603 0.00296315 -0.00369452 -0.0190854 -0.00449862 -0.00859805 -0.00486555 0.0123139 0.00324765 -0.0756192 -0.0820679 0.0157585 0.00367584 0.344331 -0.00678469 0.0113065 -0.0825671 0.0269822 0.00859703 0.0208168 0.0229498 -0.00946514 -0.0726821 -0.017993 -0.00152831 -0.0952237 0.017596 0.0124113 -0.0214755 -0.00264784
0.00267751 -0.00345233 0.0120221 -0.00294315 0.00613969 -0.00326423 -0.0108777 0.00783776 -0.00252507 0.00487101 -0.0128731 0.00098806 -0.00181022 -0.00662329 -0.000541518 -0.00951923 0.0067871 0.0120606 -0.000496582 -0.0063711 -0.00444543 0.000460393 -0.000472236 0.00350229 -0.00240613 -0.00233277 4.03087e-05 -0.00331261 -0.0001078 0.00594621 0.00658526 0.00510769 -0.00915676 -0.00678469 0.0343358 -0.00722615 -0.0146352 -0.00470225 -0.00271336 0.00169066 -0.00860009 0.0102185 -0.0183005 0.001556 0.00224415 0.0332655 -0.00143698 -0.00369179 0.00056064 -0.00722537
0.00339084 0.0136403 -0.00458377 -0.000341515 0.00726006 -0.00227663 0.00543136 -0.0010422 -0.00108556 0.00228914 -0.000600465 -0.00295291 0.000410972 0.0006061 0.00213263 -0.000705202 -0.0154164 -0.00926176 0.000991479 0.00499098 -0.00468182 -0.00135655 0.00207478 0.00194496 -0.000480863 0.00610709 -0.000435946 0.00486157 -0.00290646 0.000244903 -0.00799157 -0.00520418 -0.00170984 0.0113065 -0.00722615 0.0198551 -0.00723175 -0.00798973 0.00318917 -0.000254948 0.00834499 -0.00370712 -0.0034368 -0.00459726 -0.0024716 -0.00228939 0.00799788 -0.000464259 0.00755791 -0.0110275
-0.00394751 0.00347239 0.0028571 0.00166858 0.00422798 0.000804385 0.00424355 0.0178837 0.00297435 -0.0105581 -0.0142366 0.00733053 0.00353263 -0.00156744 -0.0136021 0.00801631 0.0100598 -0.001908 0.00163333 -0.00197302 0.0210543 -0.00402165 0.00223435 -0.00997532 0.00399611 -0.0116026 0.00432259 -0.00531042 0.00316321 -0.00936507 0.0432696 -0.00549967 0.00114532 -0.0825671 -0.0146352 -0.00723175 0.0570189 -0.0193091 -0.0059092 -0.00527226 -0.00421246 0.00114816 0.03573 -0.00173768 -0.00147474 -0.0193985 -0.0056492 0.00411866 -0.00565275 0.0191919
-0.00424717 -0.0177908 -0.000280207 0.00934605 -0.0478401 -0.0182167 0.00176219 -0.0375546 0.00290079 -0.00239759 0.00368185 0.000240077 -0.00945458 0.0166012 0.0124957 -0.00395821 -0.0138882 0.00468609 -0.00261804 -0.000523845 -0.00557128 0.000948027 -0.00680415 -0.00418868 -0.0078905 0.0165786 0.0245434 -0.00138356 0.00178529 0.00282962 -0.0278353 0.00410042 -0.00235915 0.0269822 -0.00470225 -0.00798973 -0.0193091 0.0782519 0.00466588 0.0351173 3.5268e-05 -0.0153832 0.0201771 0.0099756 0.00617684 -0.00990675 0.000819941 -0.0110809 0.0245342 0.0184479
0.00175607 0.0022577 -0.00550136 -0.00168685 0.00318956 0.000140702 -0.00152252 -0.0258991 0.00162832 0.000983945 0.00156392 0.00204707 0.00421913 0.00273019 -0.00308885 0.000148858 -0.0028588 0.00244754 0.000893441 -0.00507316 0.00858996 -0.00118759 -0.00464084 0.000928078 -0.000440376 0.00545552 0.00416263 -0.00453868 0.00226268 0.0177938 -0.00704431 0.00246779 -0.00863553 0.00859703 -0.00271336 0.00318917 -0.0059092 0.00466588 0.0245756 -0.00742321 0.000749726 -0.00937352 -0.0011307 0.0115341 0.00175567 -0.00878016 0.0048454 -0.00504278 0.00414036 -0.00384065
0.00372866 -0.0384763 0.0038221 0.00717137 -0.0186187 0.00126884 0.00179341 0.00560073 0.000486898 0.00520862 -0.0142558 -0.000956128 -0.00549001 0.00859125 0.00323976 -0.00714986 -0.00560758 0.00526144 -0.000948554 0.00355385 -0.0570279 -0.00725473 -0.00770907 -0.0174432 -0.00758852 0.00223097 0.0472354 0.0109516 0.00178277 -0.0335076 -0.00143552 0.000652903 -0.00978458 0.0208168 0.00169066 -0.000254948 -0.00527226 0.0351173 -0.00742321 0.0887084 0.00769952 -0.025514 0.0339582 -0.00135131 0.00126145 -0.00945316 -0.00296695 -0.014391 0.0207759 0.0330212
-0.000749083 0.00360372 -0.0117712 -0.00277602 0.0044569 0.00254127 0.00451634 0.00417933 -0.0037643 0.000142431 -0.00386406 0.000603332 -6.60163e-05 -0.00142972 0.000107811 0.000616739 -0.00762181 -0.00838507 -0.00080352 0.00566565 -0.00664768 -0.000377863 -0.000241992 0.00111993 -0.00194404 -0.0030552 0.00615576 0.0021515 0.00285426 -0.00342296 -0.00635911 -0.00362774 -0.00126695 0.0229498 -0.00860009 0.00834499 -0.00421246 3.5268e-05 0.000749726 0.00769952 0.0185917 -0.00292223 -0.0048061 -0.0127827 6.78033e-05 -0.00431673 0.000204427 -0.00535638 0.00301066 -0.00456594
0.00109777 0.041204 -0.0031661 -0.00383757 0.0236139 0.00405262 -0.00570633 0.0186792 -0.00187716 -0.00280758 -0.0242288 -0.00598238 -0.0101106 -0.0324055 -0.00341273 0.000980777 0.00386868 0.0237315 0.000252955 -0.0117163 0.0328462 -0.00147154 0.00706614 0.0137027 -0.00139477 -0.00967771 -0.0452294 -0.00501038 -0.00150094 0.00915334 0.00891859 0.00104927 0.00951215 -0.00946514 0.0102185 -0.00370712 0.00114816 -0.0153832 -0.00937352 -0.025514 -0.00292223 0.0607489 -0.0196494 -0.00431906 0.00115431 -0.0159229 -0.00204741 -0.00749798 -0.00594608 -0.00874065
-0.0027116 0.0722245 0.0203164 0.00849137 -0.0346355 -0.0836861 0.000800855 -0.0208601 0.00368319 -0.0102954 0.00477628 0.00117272 0.00340009 0.0126551 -0.0154678 0.00380811 -0.00198671 0.00582382 7.85243e-05 0.00539485 -0.0136941 -0.0137751 -0.0034104 0.00385732 0.00345203 -0.0119279 0.0177667 -0.0220355 -0.00513342 -0.0946161 -0.00379059 -0.00134764 0.00713856 -0.0726821 -0.0183005 -0.0034368 0.03573 0.0201771 -0.0011307 0.0339582 -0.0048061 -0.0196494 0.141798 0.00863359 0.00075757 0.00714528 -0.00789877 0.000654705 0.0116444 0.0444479
0.00194884 -0.00153038 0.00448879 0.00573623 -0.0031278 -0.00441489 -0.00490469 -0.019984 0.00418038 0.000571127 -0.00520542 0.000435339 0.000801421 0.00304166 -0.00130278 0.000456217 0.00417984 0.0136622 0.00181652 -0.00674251 0.00738486 0.000654054 -0.00466292 -0.00172882 0.000512075 0.00803527 0.00519371 0.00231461 -0.0078805 -0.00129479 -0.00105827 0.000934181 0.00498414 -0.017993 0.001556 -0.00459726 -0.00173768 0.0099756 0.0115341 -0.00135131 -0.0127827 -0.00431906 0.00863359 0.0299324 0.00167497 -0.00265283 0.000843895 0.00382402 -0.00178029 0.0087453
4.30899e-05 0.00255173 -0.000619468 0.00235186 0.00101727 -0.000184208 -0.00207409 -0.00321069 0.000897614 0.00241609 -0.00180088 0.00233737 -0.00154898 -0.00069524 -0.000852274 -0.00181195 0.00100177 0.00227112 -0.000338448 -0.0028855 -0.00326277 -0.00189378 -0.000659499 0.0010413 -0.000952848 -8.3183e-05 0.000324996 -0.000514375 7.20034e-05 0.00374536 0.000285674 0.00223183 -0.00208499 -0.00152831 0.00224415 -0.0024716 -0.00147474 0.00617684 0.00175567 0.00126145 6.78033e-05 0.00115431 0.00075757 0.00167497 0.00386236 -0.00203028 -0.000797604 0.000896541 0.000612778 -0.00181516
-0.00265896 -0.17014 0.0176728 -0.00751118 -0.0260156 -0.0486469 0.00616415 0.00987096 -0.0029985 -0.0191419 0.0215703 -0.018667 -0.00704227 0.0134024 -0.0131482 -0.00287754 -0.0102052 -0.00434228 0.000912389 0.00838955 0.0115887 -0.016755 -0.00141749 -0.00244525 -0.00425558 -0.0210446 0.00563161 0.00433183 -0.00465576 -0.0781105 -0.0153986 -0.0100721 0.0105921 -0.0952237 0.0332655 -0.00228939 -0.0193985 -0.00990675 -0.00878016 -0.00945316 -0.00431673 -0.0159229 0.00714528 -0.00265283 -0.00203028 0.421091 0.0280302 -0.0231945 0.00422852 -0.0271216
0.00129269 -0.0234128 -0.00278041 -0.00274068 -0.00636856 -0.00869063 -0.00558961 -0.0380184 0.00174274 0.000695133 0.0113815 0.0015667 0.00373649 0.00508771 -0.00108031 0.00290678 -0.0362301 0.0185986 0.00186327 -0.00655912 0.00711001 0.00644626 -0.00613438 -0.0503955 -0.00649177 0.000234828 -0.00677023 0.023267 -0.00101973 0.00633596 -0.00336046 0.00301526 -0.005209 0.017596 -0.00143698 0.00799788 -0.0056492 0.000819941 0.0048454 -0.00296695 0.000204427 -0.00204741 -0.00789877 0.000843895 -0.000797604 0.0280302 0.0782716 -0.00339946 -0.0146164 0.0211727
-0.000926182 0.0251505 0.00861359 0.00312942 0.00864168 -0.0126223 -0.000149246 0.000174091 -0.000196846 0.00185176 0.0166359 0.00991462 -0.00128426 0.0150078 -0.00181685 0.00273828 0.00696941 -0.016228 -0.000192407 -8.3268e-05 -0.0344991 0.0023715 0.00889069 -0.00126045 0.0103659 -0.00345246 -0.0166945 0.00171421 -0.00622413 -0.0157856 0.00752796 -0.00285208 0.00951685 0.0124113 -0.00369179 -0.000464259 0.00411866 -0.0110809 -0.00504278 -0.014391 -0.00535638 -0.00749798 0.000654705 0.00382402 0.000896541 -0.0231945 -0.00339946 0.0532753 -0.0227161 0.000572659
0.0015303 0.0137874 0.00641242 -0.0012819 -0.0104831 0.0119875 0.0118353 -0.00635052 0.00165766 -0.00240795 -0.0115079 -0.0102511 -0.00314817 0.00121415 0.00809269 -0.00337472 -0.00961864 0.00840504 -0.00290681 -0.00376865 -0.0108262 0.00450991 -0.0049899 0.00721546 -0.00386498 0.0135926 0.0190006 -0.0207946 -9.60575e-05 0.016842 -0.0179963 -0.00623404 -0.0187133 -0.0214755 0.00056064 0.00755791 -0.00565275 0.0245342 0.00414036 0.0207759 0.00301066 -0.00594608 0.0116444 -0.00178029 0.000612778 0.00422852 -0.0146164 -0.0227161 0.0798272 -0.0436173
-0.00169313 -0.0446067 0.00504539 0.00882645 -0.028478 -0.103858 -0.0115455 -0.00510162 0.00968552 -0.00456791 -0.0131981 -0.00574548 -0.00269087 0.00390762 -0.00387594 0.00240825 -0.00168454 0.00122464 0.0026268 0.00551178 0.0332441 0.00405013 -0.00405006 0.0134293 -0.00500121 -0.0105773 0.0213959 0.0157861 -0.00191192 -0.024725 0.00702937 0.0169816 0.0163012 -0.00264784 -0.00722537 -0.0110275 0.0191919 0.0184479 -0.00384065 0.0330212 -0.00456594 -0.00874065 0.0444479 0.0087453 -0.00181516 -0.0271216 0.0211727 0.000572659 -0.0436173 0.136268
# BF positions
-1.36847 -1.60067 -0.90463 -0.257123 -0.483623 -0.234192 -0.144357
0.378181 0.593712 0.983116 0.987725 1.17881 1.08955 1.02292
-0.375514 0.705637 0.377994 -0.0611086 -0.672747 -0.381793 -0.745141
0.0084887 -0.695056 -0.151607 0.0958684 0.624119 -0.528916 -0.74858
-0.614365 -1.3262 -1.58677 -1.70246 -1.86765 -1.17983 -1.02927
0.867288 1.11811 1.27885 1.3007 1.24936 1.02165 0.920763
-0.463937 -0.44662 -0.458584 -0.244857 0.162304 0.795183 1.21605
-1.00945 -0.401623 0.332265 0.112382 -0.280887 -0.480018 -0.34448
0.68943 1.398 1.4507 1.13352 0.967034 -0.493787 -0.395598
-0.389704 -1.13438 -0.147341 0.48622 1.17464 0.571595 0.192129
-1.77928 -1.14891 -1.38349 -1.9344 -1.86587 -1.66747 -1.52458
-0.589489 0.477705 0.32333 0.505835 0.746792 0.873192 1.35224
-1.7301 -1.2905 -0.928434 -1.12728 -1.26775 -1.67404 -1.64315
-0.768338 -1.54218 -1.78218 -1.68586 -1.58844 -1.51368 -1.30981
0.0131833 -0.425744 -0.764705 0.116127 0.289945 0.571997 0.707834
0.546733 -0.190179 -0.824899 0.391046 0.55738 0.362543 0.541221
0.7201 0.449637 0.697976 0.610097 0.610894 0.161596 0.56676
-0.889031 -0.412462 -0.344702 -0.569057 -0.845883 -1.03348 -1.0136
0.229784 0.477975 0.715694 0.766356 1.08795 1.26977 1.8286
-0.825908 -0.920892 -1.19343 -1.20501 -0.721644 -0.645229 -0.459529
-0.830315 -1.34455 -1.40902 -1.22818 -1.132 -1.08092 -0.940604
-0.457624 0.69596 1.82763 0.428517 0.123434 0.228817 -0.362442
-1.17185 -0.511066 -0.888719 -0.996494 -1.18984 -1.6112 -1.98516
1.00414 0.910843 1.22015 1.37584 1.33654 0.721237 0.727791
0.386498 -0.548534 -0.397599 -0.731377 -0.835756 -1.68068 -1.17191
-0.647559 -0.185387 0.591426 0.614341 0.751783 0.829848 1.01797
-1.83443 -1.36727 -1.21035 -0.914414 -0.795528 -0.528192 -0.416838
0.559354 1.40168 0.842495 0.569296 0.714547 0.645794 1.14973
-0.00636113 0.0103241 0.134045 0.109974 -0.0971975 -0.172754 -0.400629
1.34957 1.2298 1.073 0.767389 0.660104 0.48892 0.419682
1.83117 1.48281 1.18514 1.3254 1.25326 1.17246 0.932411
-0.239548 0.814752 0.859694 -0.113235 -0.372392 -0.166672 0.955023
1.09817 0.939735 0.791943 0.732517 0.602717 0.119309 -0.0428822
0.82872 0.680839 0.954698 0.555412 0.903105 1.16383 1.3525
1.56017 1.26619 1.01608 -0.131107 0.561602 0.866339 0.852572
-0.842169 0.481967 -0.37315 -1.11823 -1.39699 -1.51273 -1.51297
1.74153 1.09028 0.616274 -0.105086 0.785698 0.953026 0.655686
-0.968767 -0.0775899 -0.747874 -1.46106 -1.82142 -2.13218 -2.06844
-1.5066 -0.110279 -0.473243 -0.994662 -1.08633 -1.13379 -1.04685
-1.39717 -1.76477 -1.28685 -1.09965 -1.06142 -1.17775 -0.989753
0.878124 0.26893 -0.00907127 -0.207375 0.202345 -0.367942 -0.134521
-2.29197 -1.56664 -1.49546 -1.63367 -1.52669 -1.26779 -1.09563
1.01216 0.916792 0.72775 0.752203 0.778283 0.522538 0.442455
0.594289 -0.816372 -0.730178 -0.265827 0.0575862 -0.132804 -0.383578
-0.456951 -0.774998 -0.275573 -0.0424192 -0.318408 -0.452998 -1.33951
-0.332554 0.251149 0.650164 0.816262 1.03358 1.1319 1.15907
0.654002 -0.0322205 0.951361 0.798705 0.477311 -0.131521 0.256982
-1.73235 -1.35848 -0.975804 -0.600857 -0.480957 -0.354743 -0.467147
0.713322 0.649256 1.32594 1.54716 1.61547 1.87405 1.36302
0.72778 1.44996 1.88897 1.681 1.49903 1.79912 1.40355
# BF covariances
0.121818 0 0 0 0 0 0
0 1.38079 0 0 0 0 0
0 0 1.7151 0 0 0 0
0 0 0 0.730445 0 0 0
0 0 0 0 -0.0947859 0 0
0 0 0 0 0 -0.336117 0
0 0 0 0 0 0 -0.339741
-0.0651601 0 0 0 0 0 0
0 -0.258304 0 0 0 0 0
0 0 -0.125443 0 0 0 0
0 0 0 0.253084 0 0 0
0 0 0 0 0.160475 0 0
0 0 0 0 0 0.239834 0
0 0 0 0 0 0 0.00648961
0.403331 0 0 0 0 0 0
0 0.909881 0 0 0 0 0
0 0 -0.130054 0 0 0 0
0 0 0 -0.0598622 0 0 0
0 0 0 0 0.975554 0 0
0 0 0 0 0 0.718856 0
0 0 0 0 0 0 -0.0205416
0.865719 0 0 0 0 0 0
0 0.831426 0 0 0 0 0
0 0 0.291913 0 0 0 0
0 0 0 0.786466 0 0 0
0 0 0 0 2.14603 0 0
0 0 0 0 0 0.494375 0
0 0 0 0 0 0 -1.15476
0.348395 0 0 0 0 0 0
0 -0.0136803 0 0 0 0 0
0 0 0.00505311 0 0 0 0
0 0 0 0.0678367 0 0 0
0 0 0 0 0.533089 0 0
0 0 0 0 0 0.00755716 0
0 0 0 0 0 0 -0.121669
0.0367938 0 0 0 0 0 0
0 -0.226281 0 0 0 0 0
0 0 -0.146529 0 0 0 0
0 0 0 -0.00383514 0 0 0
0 0 0 0 0.214815 0 0
0 0 0 0 0 0.472004 0
0 0 0 0 0 0 0.189141
0.747307 0 0 0 0 0 0
0 -0.370881 0 0 0 0 0
0 0 -0.0702337 0 0 0 0
0 0 0 0.0627843 0 0 0
0 0 0 0 1.63248 0 0
0 0 0 0 0 -0.593945 0
0 0 0 0 0 0 -0.854294
0.571096 0 0 0 0 0 0
0 0.978681 0 0 0 0 0
0 0 -0.0970719 0 0 0 0
0 0 0 0.0591308 0 0 0
0 0 0 0 0.193178 0 0
0 0 0 0 0 -0.0682831 0
0 0 0 0 0 0 -0.0862719
-0.311371 0 0 0 0 0 0
0 0.855854 0 0 0 0 0
0 0 0.667957 0 0 0 0
0 0 0 0.13359 0 0 0
0 0 0 0 0.289077 0 0
0 0 0 0 0 0.939114 0
0 0 0 0 0 0 1.34972
0.0739322 0 0 0 0 0 0
0 1.24947 0 0 0 0 0
0 0 1.38763 0 0 0 0
0 0 0 0.948183 0 0 0
0 0 0 0 0.722019 0 0
0 0 0 0 0 -0.110976 0
0 0 0 0 0 0 0.0276825
0.592573 0 0 0 0 0 0
0 -0.125066 0 0 0 0 0
0 0 -0.103144 0 0 0 0
0 0 0 -0.548427 0 0 0
0 0 0 0 -0.143961 0 0
0 0 0 0 0 0.0464436 0
0 0 0 0 0 0 -0.0290242
0.616983 0 0 0 0 0 0
0 -0.0857628 0 0 0 0 0
0 0 -0.155135 0 0 0 0
0 0 0 -0.266517 0 0 0
0 0 0 0 0.0500548 0 0
0 0 0 0 0 0.0708313 0
0 0 0 0 0 0 0.877073
0.391601 0 0 0 0 0 0
0 0.0372821 0 0 0 0 0
0 0 -0.870587 0 0 0 0
0 0 0 -0.0568426 0 0 0
0 0 0 0 -0.0996233 0 0
0 0 0 0 0 -0.0663769 0
0 0 0 0 0 0 0.899987
-0.151773 0 0 0 0 0 0
0 0.0463643 0 0 0 0 0
0 0 -0.0174894 0 0 0 0
0 0 0 0.00302812 0 0 0
0 0 0 0 -0.0243912 0 0
0 0 0 0 0 0.112742 0
0 0 0 0 0 0 -0.0171342
-0.102039 0 0 0 0 0 0
0 -0.0302943 0 0 0 0 0
0 0 1.29743 0 0 0 0
0 0 0 1.17337 0 0 0
0 0 0 0 0.184345 0 0
0 0 0 0 0 -0.157681 0
0 0 0 0 0 0 -0.0650046
-0.163915 0 0 0 0 0 0
0 0.00219914 0 0 0 0 0
0 0 0.910077 0 0 0 0
0 0 0 1.94884 0 0 0
0 0 0 0 1.19797 0 0
0 0 0 0 0 0.542445 0
0 0 0 0 0 0 -0.18032
-0.227177 0 0 0 0 0 0
0 1.14139 0 0 0 0 0
0 0 0.00831843 0 0 0 0
0 0 0 -0.00498212 0 0 0
0 0 0 0 -0.126162 0 0
0 0 0 0 0 0.00732799 0
0 0 0 0 0 0 -0.0679857
0.902925 0 0 0 0 0 0
0 0.175677 0 0 0 0 0
0 0 -0.241704 0 0 0 0
0 0 0 -0.296987 0 0 0
0 0 0 0 -0.579409 0 0
0 0 0 0 0 -0.0947326 0
0 0 0 0 0 0 -0.0644335
-2.54112 0 0 0 0 0 0
0 -0.587951 0 0 0 0 0
0 0 -0.103575 0 0 0 0
0 0 0 1.0951 0 0 0
0 0 0 0 0.657008 0 0
0 0 0 0 0 0.220499 0
0 0 0 0 0 0 -0.0302624
0.836592 0 0 0 0 0 0
0 -0.59962 0 0 0 0 0
0 0 -0.175962 0 0 0 0
0 0 0 -0.132379 0 0 0
0 0 0 0 1.16803 0 0
0 0 0 0 0 0.0498697 0
0 0 0 0 0 0 -0.0239142
0.332583 0 0 0 0 0 0
0 -0.0479063 0 0 0 0 0
0 0 -0.20812 0 0 0 0
0 0 0 -0.169723 0 0 0
0 0 0 0 0.0417639 0 0
0 0 0 0 0 0.517051 0
0 0 0 0 0 0 -0.0592764
-0.0329012 0 0 0 0 0 0
0 -0.0781327 0 0 0 0 0
0 0 0.968152 0 0 0 0
0 0 0 -0.167662 0 0 0
0 0 0 0 -0.0401068 0 0
0 0 0 0 0 -0.0362514 0
0 0 0 0 0 0 0.766681
1.42074 0 0 0 0 0 0
0 -0.113712 0 0 0 0 0
0 0 -0.0678538 0 0 0 0
0 0 0 -0.0674172 0 0 0
0 0 0 0 -0.0474753 0 0
0 0 0 0 0 -0.0817848 0
0 0 0 0 0 0 0.970183
0.198063 0 0 0 0 0 0
0 -0.217683 0 0 0 0 0
0 0 -0.131054 0 0 0 0
0 0 0 -0.0276889 0 0 0
0 0 0 0 0.0957124 0 0
0 0 0 0 0 0.367987 0
0 0 0 0 0 0 0.339736
0.444871 0 0 0 0 0 0
0 1.48035 0 0 0 0 0
0 0 -0.0264605 0 0 0 0
0 0 0 -0.0709311 0 0 0
0 0 0 0 0.306933 0 0
0 0 0 0 0 0.812192 0
0 0 0 0 0 0 -0.040654
-0.0333 0 0 0 0 0 0
0 0.504146 0 0 0 0 0
0 0 1.2873 0 0 0 0
0 0 0 1.14173 0 0 0
0 0 0 0 0.195938 0 0
0 0 0 0 0 -0.0145255 0
0 0 0 0 0 0 -0.0298922
0.862262 0 0 0 0 0 0
0 -0.0545059 0 0 0 0 0
0 0 -0.0527438 0 0 0 0
0 0 0 -0.0757698 0 0 0
0 0 0 0 0.13209 0 0
0 0 0 0 0 0.032558 0
0 0 0 0 0 0 -0.0417218
-0.159176 0 0 0 0 0 0
0 0.927596 0 0 0 0 0
0 0 0.127781 0 0 0 0
0 0 0 -0.0432057 0 0 0
0 0 0 0 0.0336679 0 0
0 0 0 0 0 0.28262 0
0 0 0 0 0 0 0.499776
1.204 0 0 0 0 0 0
0 0.0536868 0 0 0 0 0
0 0 0.966101 0 0 0 0
0 0 0 0.0953522 0 0 0
0 0 0 0 -0.0241893 0 0
0 0 0 0 0 0.0362368 0
0 0 0 0 0 0 1.01995
0.0495983 0 0 0 0 0 0
0 0.0251638 0 0 0 0 0
0 0 -0.0796972 0 0 0 0
0 0 0 0.372545 0 0 0
0 0 0 0 0.425331 0 0
0 0 0 0 0 0.266341 0
0 0 0 0 0 0 -0.01558
0.568003 0 0 0 0 0 0
0 0.0209515 0 0 0 0 0
0 0 0.024137 0 0 0 0
0 0 0 0.861904 0 0 0
0 0 0 0 0.29015 0 0
0 0 0 0 0 -0.022658 0
0 0 0 0 0 0 0.034951
1.24403 0 0 0 0 0 0
0 0.853635 0 0 0 0 0
0 0 0.893147 0 0 0 0
0 0 0 -0.451013 0 0 0
0 0 0 0 -1.24818 0 0
0 0 0 0 0 -0.719662 0
0 0 0 0 0 0 1.49543
-0.0148988 0 0 0 0 0 0
0 0.350098 0 0 0 0 0
0 0 0.602698 0 0 0 0
0 0 0 0.280374 0 0 0
0 0 0 0 0.584378 0 0
0 0 0 0 0 0.172977 0
0 0 0 0 0 0 0.0494514
-0.248411 0 0 0 0 0 0
0 -0.0324937 0 0 0 0 0
0 0 -0.0110345 0 0 0 0
0 0 0 0.64698 0 0 0
0 0 0 0 0.279224 0 0
0 0 0 0 0 0.124841 0
0 0 0 0 0 0 -0.0873592
0.361127 0 0 0 0 0 0
0 0.0252913 0 0 0 0 0
0 0 -0.0836552 0 0 0 0
0 0 0 1.17829 0 0 0
0 0 0 0 1.29213 0 0
0 0 0 0 0 0.564496 0
0 0 0 0 0 0 -0.199097
0.831282 0 0 0 0 0 0
0 1.47469 0 0 0 0 0
0 0 -0.12458 0 0 0 0
0 0 0 -0.975804 0 0 0
0 0 0 0 0.0716415 0 0
0 0 0 0 0 0.0824684 0
0 0 0 0 0 0 0.070004
-0.00716343 0 0 0 0 0 0
0 0.0493249 0 0 0 0 0
0 0 -0.0666771 0 0 0 0
0 0 0 0.979526 0 0 0
