## GPz 1.0.0 model file
## internal data (do not edit)
# number of features
4
# feature column name
f125w f160w f606w f814w
# feature mean
24.2108 23.5061 22.81 22.5512
# feature sigma
1.4598 1.47486 1.40933 1.41575
# output mean
1.1841
## model parameters (can edit)
# num basis functions
100
# BF weights
-1.58354 -0.34976 0.0196099 -0.128758 0.310722 0.0351063 -0.673583 0.196916 -1.03724 1.25809 1.0894 0.32432 0.899754 0.166021 -1.46251 -0.0495329 -0.0275209 0.214604 -0.822698 -0.784393 0.0814522 0.117007 -0.699375 0.425513 0.0638794 0.266526 1.43443 0.152391 0.502164 -0.294585 0.922077 -0.66961 -1.11299 0.371156 -0.703748 0.161429 -0.398515 -0.258883 -0.633801 -0.554338 0.252005 -0.0264029 0.382186 0.23929 0.297517 0.19465 -0.804106 0.252371 0.122525 0.686175 -0.119944 0.098224 -0.451371 0.544185 0.0437841 -0.547775 0.222155 0.241057 -1.96319 -0.180604 0.0713981 -1.31076 0.323656 -0.38235 0.244718 1.15922 -0.119686 0.751802 -1.62161 -0.525529 0.223516 0.274864 0.907634 -0.861999 -0.810713 1.79151 -0.291737 0.45065 -0.994273 0.238121 -0.46654 0.498561 -0.080166 -1.5585 0.103121 0.283364 -1.06391 -0.221451 -0.102031 -0.557822 0.479422 0.305558 0.290607 -0.465259 1.55935 0.482307 0.00617095 -0.222903 -0.879458 0.263583
# BF priors
9.08707e-20 9.20494e-37 1.17306e-16 4.12009e-43 4.00312e-262 5.17434e-55 0.356006 1.81055e-202 1.10641e-319 9.49193e-68 9.41771e-165 1.15191e-65 4.71519e-249 2.9661e-39 2.95634e-16 7.94249e-181 1.34129e-57 4.87144e-234 1.23613e-253 8.49033e-110 4.31583e-64 3.77405e-205 5.48285e-27 1.75982e-140 3.95537e-151 1.34911e-133 3.12513e-67 1.87942e-269 6.59669e-105 2.49416e-122 7.39547e-114 0.00315641 3.82564e-154 1.44266e-61 5.29842e-240 2.98048e-77 4.8124e-40 1.55643e-44 2.56121e-38 3.38361e-27 8.5648e-183 4.74217e-46 2.79643e-32 2.20281e-141 1.53109e-119 6.50386e-215 2.59335e-193 2.14313e-42 1.80628e-49 5.21787e-182 6.36082e-52 6.61163e-96 1.93144e-73 4.82157e-67 8.70406e-39 0.446416 4.37046e-66 3.78378e-46 1.99545e-66 1.59056e-47 1.8195e-69 9.56101e-202 1.0381e-229 1.1686e-38 2.39162e-47 1.38825e-205 1.07765e-64 0 1.28224e-244 1.32827e-17 1.60417e-109 4.03605e-68 0 1.09156e-20 1.29582e-159 0.00108754 9.67393e-73 2.16842e-104 0.193334 2.04403e-132 3.93988e-18 5.4708e-85 1.15749e-74 1.00216e-237 5.13762e-241 9.07852e-272 5.06091e-199 3.06077e-153 4.05277e-39 2.34181e-214 5.79492e-135 1.91543e-295 7.33294e-214 3.69098e-22 2.34948e-161 3.4928e-253 1.97197e-51 1.01246e-38 1.08024e-95 2.09438e-174
# BF log relevances
0.159848 0.34271 0.348312 0.332407 0.337442 0.338659 0.259337 0.3367 0.31449 0.152509 0.316296 0.34272 0.279806 0.341107 0.333226 0.341663 0.337656 0.336679 0.351013 0.362383 0.343238 0.338183 0.333706 0.29479 0.326204 0.338953 0.273586 0.340438 0.323696 0.311216 0.289009 0.347331 0.213987 0.34433 0.221247 0.336667 0.337543 0.311672 0.282492 0.323361 0.326657 0.347893 0.340362 0.336512 0.3365 0.338314 0.342927 0.35254 0.328551 0.193597 0.338508 0.341295 0.344474 0.335897 0.339196 0.286016 0.320404 0.345031 -0.224935 0.338807 0.331729 0.29632 0.337583 0.331503 0.3408 0.299782 0.328735 0.240613 0.289998 0.308652 0.349211 0.329274 0.34423 0.333177 0.315633 -0.086453 0.345577 0.337452 0.242373 0.335716 0.315152 0.329687 0.339141 0.0239941 0.324757 0.270978 0.359007 0.336347 0.326665 0.233183 0.339125 0.336231 0.317781 0.277591 0.14496 0.287552 0.340647 0.340877 0.292663 0.277393
# BF uncertainty weights
-0.222399 0.530971 -0.142002 -0.114646 0.601849 0.0428766 -0.487334 -0.258159 0.982094 0.584431 -0.670292 0.376469 0.472771 0.248984 -0.966721 -0.767447 0.424083 0.540801 1.43047 -0.568004 0.322901 -0.186803 -0.423853 -0.580064 0.558273 -0.441494 -0.848279 0.350711 -0.577915 -1.1055 -0.271674 -0.0829498 -0.229824 0.369937 -0.326293 0.395458 0.0120862 -0.769583 -0.727021 -0.0582736 -0.32108 -0.295989 -0.0991297 -0.465379 -0.566972 0.391786 -0.489193 -0.198456 0.228075 -0.482856 0.244466 0.221327 0.722814 -0.201503 0.0763845 -0.598454 -0.143446 0.296808 0.212667 -0.0820247 0.424538 -0.17511 -0.547916 -0.015114 0.256945 0.210131 0.398257 0.541382 1.38286 -0.223081 -0.811814 -0.0898194 0.107407 -0.514828 -0.548344 0.164343 0.152351 0.803472 -0.127851 -0.367322 -0.353759 0.224105 -0.13306 0.918992 0.383335 0.391858 -1.07104 -0.744267 0.0142436 2.03924 0.22805 0.335859 0.471758 -0.408629 1.64298 0.409629 -0.0863927 -0.0823708 -0.999734 -1.40852
# BF uncertainty log relevances
0.0924136 0.0987144 0.133809 0.128483 0.0845413 0.120056 0.168601 0.148882 0.0602574 0.116379 0.159558 0.0992018 0.102141 0.100618 0.182118 0.170722 0.114502 0.0815657 0.0299382 0.155058 0.0873825 0.144383 0.137699 0.157146 0.0981879 0.159304 0.178267 0.0945433 0.167954 0.206367 0.147798 0.126436 0.130405 0.0992861 0.148764 0.113746 0.110237 0.188542 0.183239 0.120907 0.146024 0.135986 0.138711 0.162589 0.177692 0.0905931 0.149547 0.138597 0.123878 0.159231 0.106675 0.107827 0.0820613 0.143263 0.128516 0.172012 0.1476 0.103307 0.0816679 0.123958 0.11561 0.140166 0.171573 0.119515 0.10872 0.107011 0.100598 0.0751986 0.0382906 0.133758 0.189743 0.136043 0.106507 0.158959 0.175155 0.152323 0.107355 0.0959371 0.104405 0.156489 0.142168 0.115582 0.13425 0.0640515 0.0953551 0.0885218 0.19405 0.173116 0.135806 0.0245972 0.104196 0.0969975 0.0825963 0.153482 0.00653125 0.0877926 0.132114 0.122929 0.198499 0.200149
# log uncertainty constant
-1.64328
# BF inverse covariance
0.284849 0.0222886 -0.0260309 0.0196056 0.020017 0.00164552 -0.0128013 -0.00782426 0.0705178 0.0671331 -0.00318536 0.00272605 0.00593309 -0.0110055 0.00461742 0.00582885 0.0329007 0.00641915 -0.031879 0.00682452 -0.0192295 -0.0159499 0.00942137 0.00134539 0.0178143 0.0105074 -0.0155941 -0.0264882 0.0139927 -0.0200528 -0.00966086 -0.0784134 0.0615917 -0.000776611 -0.00102293 0.0146334 -0.0522366 -0.0149329 0.0229545 -0.00170516 -0.0154501 0.0324278 -0.0120898 0.000648785 0.00441179 -0.0208351 -0.0127375 -0.0173903 -0.0079211 -0.0135554 9.45456e-05 -0.0185841 0.0486041 -0.0105025 -0.0138129 -0.00505044 0.0293934 -0.00559674 -0.10685 -0.00339653 0.0237639 0.00819674 0.00594724 -0.00551703 -0.00797247 0.0243176 0.035642 -0.028237 -0.00475787 -0.00961588 0.00108097 -0.0153358 -0.0338355 0.0181069 0.0173105 0.0220572 0.00309878 -0.0885948 -0.0758518 -0.00350279 -0.0103549 0.0253203 -0.0256045 -0.0131658 -0.0177306 -0.0110397 0.0174006 0.0195446 0.000224823 0.035968 -0.00230049 -0.0255223 -0.00387843 -0.00805346 -0.0287917 0.0201768 -0.0213695 0.0136809 0.055406 0.0462207
0.0222886 0.556765 -0.0126125 0.000350667 -0.00489189 -0.00257891 -0.000357277 0.00960839 -0.00189633 0.0175091 0.0787619 -0.0320711 0.0182491 -0.058564 -0.00420485 0.00711974 -0.0175713 -0.00340046 0.00209213 -0.00651767 -0.0572513 0.0115442 -0.00091392 -0.00668116 0.0132066 0.00616227 -0.00516051 -0.00295573 0.028152 -0.00149669 -0.0258079 0.0132092 0.0197335 -0.0447984 -0.012343 -0.0224085 -0.0571261 0.0118073 0.00576635 -0.00415131 -0.0089019 0.0155092 -0.0186342 0.000857923 0.0157805 -0.000554269 0.0294957 -0.00128515 0.0009732 -0.0179507 -0.00993274 -0.00593305 -0.17694 7.80448e-05 0.0137002 -0.000625352 -0.0110927 -0.0399019 0.0166816 -0.00193029 -0.0223155 -0.00443071 0.00484001 -0.0130706 -0.00451167 0.00417125 -0.00547935 0.00669625 0.00194601 0.0014076 -0.0119609 -0.000607281 -0.00544046 0.00686839 0.00279822 0.000714191 -0.00203375 -0.0869006 -0.0189026 0.00473291 0.000749165 0.00808412 0.0111442 0.00566539 -0.00430869 0.00279269 -0.000488611 0.00843712 -0.0489656 0.000980546 -0.00356076 -0.00451226 0.00319787 -0.00322663 0.00325722 0.00866074 0.0159362 -0.00270924 -0.0212948 -0.0051073
-0.0260309 -0.0126125 0.580176 0.00203806 -0.00670768 0.00735479 0.00327364 -0.00345918 -0.0164704 0.00397203 0.0016792 0.00897462 0.0166244 0.0114387 -0.00135262 -0.0327829 -0.0218424 0.000840084 0.00984244 -0.138982 0.00794486 -0.00179212 0.000612733 0.00902058 0.00708205 -0.0112399 0.0143109 0.00540659 -0.00663254 0.0098751 -0.0120668 -0.00682724 0.0484381 0.00769979 -0.000500385 -0.0138584 -0.0140362 0.00793295 0.0107498 0.00205844 0.0013477 -0.00705982 -0.05952 -0.0032347 0.00732989 0.00329493 -0.00204794 -0.0975784 -0.00804986 0.00237776 -0.00144109 0.00580224 0.00487648 -0.026997 -0.00904328 -0.0123257 -0.0150635 0.000340758 -0.00908339 0.0074209 -0.0206359 0.0135727 -0.00129617 0.000877682 0.00942333 0.0136982 -0.0101996 0.00119892 0.00341129 0.00631128 -0.0104054 -0.00391914 -0.0412037 -0.0111845 0.0148535 -0.00390213 -0.00632489 -0.0391829 -0.0704803 -0.00124553 0.00279097 0.0100104 -0.00364899 0.00326255 0.00745854 -0.00545221 -0.0539001 -0.0432955 -0.0268742 -0.00123464 -0.0091136 0.000281061 -0.0036108 0.00503255 0.00670436 -0.0163861 -0.00471782 -0.00401608 0.00710137 -0.0107067
0.0196056 0.000350667 0.00203806 0.620133 0.0246795 -0.0266723 0.0180391 0.000473921 -0.00896183 0.00579392 -0.00675093 0.0137821 -0.0274706 -0.00200923 0.00717729 0.00994723 -0.00292297 0.0109009 -0.00153075 -0.00681644 -0.00824527 0.00464995 -0.00962596 0.0249078 0.00158883 0.000630058 -0.0103206 0.00393132 -0.00183172 -0.00398699 -0.0404013 -0.00554538 -0.000188102 0.0101926 0.0091249 0.00062098 -0.000948996 0.0229962 -0.0149202 -0.0426637 0.0184051 -0.0452698 -0.00545121 0.0063889 -0.0148331 0.00384589 -0.00759693 0.0104823 0.00310223 0.00626107 0.00829728 -0.0222462 -0.00172896 -0.00633477 0.00575077 -0.00911845 -0.0392233 0.00620198 0.040741 -0.0208053 -0.00254056 -0.00434914 0.00177135 -0.0422322 0.0128621 -0.0609228 0.019623 0.0120447 -0.00892672 -0.086704 0.0220471 0.00771896 0.0101321 -0.00717885 0.0146928 0.0223422 -0.044726 0.00500301 0.00385365 0.00186397 -0.0704551 -0.0357108 0.0047358 0.000449803 -0.00425689 0.00575714 -0.0065853 -0.00624359 -0.0131941 0.00341958 -0.0357896 -0.0058851 0.00337162 -0.0223557 -0.00536567 -0.0067865 0.00412243 -0.0550539 -0.0286349 0.0151718
0.020017 -0.00489189 -0.00670768 0.0246795 0.535658 -0.0224898 -0.0123106 0.00413549 -0.032017 -0.00992076 0.00143476 0.00696923 -0.0115175 -0.00198529 0.00973717 0.000271781 0.000357911 -0.108371 0.034496 -0.000964667 -0.0150453 0.00742452 -0.012052 0.00989809 0.0030376 -0.00328349 0.0143397 -0.0020123 -0.00273138 0.00628437 0.00887936 0.00712564 0.000262856 0.00452858 -0.0255555 0.000593154 -0.00824319 -0.0115469 -0.018597 -0.0202664 0.00566713 0.0115848 -0.00298095 -0.000428894 0.00709947 -0.000242571 0.0395086 -0.00620526 -0.000562788 0.000410147 -0.0790789 -0.00819341 -0.00183247 -0.00211141 0.00564542 0.0162899 0.0321495 0.00284009 -0.00242233 -0.00966103 -0.0027742 0.0127287 0.000220245 -0.0126313 0.00948633 0.0150412 -0.140421 -0.0641905 0.0424827 0.00493579 -0.00976518 0.00205055 0.0045293 -0.0243622 0.00180955 -0.0135016 0.00583621 -0.00207665 -0.00476508 0.00267484 0.0069225 -0.0199598 -0.00156848 -0.123664 -0.0256523 -0.0145022 -0.00423908 -0.00184533 0.00660311 0.00388423 0.00581279 0.000691191 0.00228543 -0.0235637 -0.0681187 0.0386773 0.00229942 0.00867423 0.025332 -0.0323861
0.00164552 -0.00257891 0.00735479 -0.0266723 -0.0224898 0.635758 -0.00171839 -0.00794465 -0.0149867 -0.00371553 0.00262319 0.000342056 -0.0507896 -0.00414454 0.0151159 -0.000351707 0.00577189 -0.0495145 -0.00448738 0.0183535 -0.0115171 -0.0114757 -0.0386345 -0.0392839 0.00930897 -0.0042657 -0.00225643 -0.00508889 0.0181547 0.00141288 0.00429079 -0.00455615 0.0103419 0.00204431 0.0281285 0.00803735 -0.0166858 -0.0111778 0.0125449 -0.0156727 -0.00200562 -0.0327661 -0.00292064 -0.00521051 -0.00300298 -6.90514e-05 -0.0238108 0.00945349 0.00996586 -0.00173999 -0.0256618 -0.0591848 0.00126005 -0.000346337 -0.0075369 -6.86856e-05 0.00774642 0.00271608 -0.0230729 -0.0532366 0.0118379 -0.014757 -0.00164391 -0.0138628 -0.00611952 -0.00451944 -0.0197544 -0.00218271 0.00795617 -0.0281594 0.0157967 0.00106687 0.0168145 -0.0153823 -0.00815443 -0.0124222 -0.00300613 -0.0101301 -0.000306251 -0.00577979 -0.0290695 -0.0746145 -0.00238347 0.0123911 -0.0569154 -0.0152617 0.00213103 -0.00634045 -0.0187929 -1.21319e-05 -0.00964341 -0.00903891 -0.00542998 0.0069796 0.00989773 0.0137016 -0.0066589 -0.0306595 -0.00888658 -0.00508046
-0.0128013 -0.000357277 0.00327364 0.0180391 -0.0123106 -0.00171839 0.118892 0.00272026 0.00748869 0.00405492 -0.00256806 -0.000956551 0.00182754 0.000684639 -0.0320505 -0.00891216 -0.0001804 0.0032502 0.0338533 0.00756879 0.000608869 0.00166308 0.0183177 -0.0186787 -0.0013314 0.00112904 0.00908278 -0.00415848 -0.0214637 0.00658114 0.00222898 0.00422231 -0.00545652 -0.000266957 0.0107915 -0.000459733 0.00109724 -0.00184847 0.000370661 0.0148963 -0.0119046 0.0149207 0.00694108 -0.0019653 0.00474583 -0.00320343 0.0198779 -0.00386934 -0.00428125 -0.0148786 -0.0124483 -0.00313375 -0.00153054 0.00752738 -0.000764839 -0.0392658 -0.0499073 1.60114e-05 -0.0169201 0.00337421 0.000192663 -0.0103108 -0.000524194 0.00725198 -0.00178842 -0.00863014 -0.00912153 -0.00710813 0.053699 0.0507633 -0.0263166 -0.00293688 0.00961178 -0.0557021 0.00448026 0.0229096 0.00788823 -0.000713217 0.00900372 0.00135997 0.0383595 -0.0135838 0.00313559 -0.0273871 0.00122267 0.0115137 0.0109409 0.00984051 -0.00391302 0.00503911 -0.00966881 -0.00947933 0.00193692 -0.0177306 -0.0228644 -0.00631216 0.0024743 0.00445735 0.000568569 0.0610094
-0.00782426 0.00960839 -0.00345918 0.000473921 0.00413549 -0.00794465 0.00272026 0.648987 -0.00150201 -0.00334536 0.00761118 -0.00477585 -0.0097767 0.00812066 0.00234288 0.0160899 -0.0107177 0.0048199 -0.000238093 -0.00559656 0.0146643 -0.0692076 -0.00623616 -0.0124611 -0.00741181 -0.0437574 -0.00406178 0.00440211 -0.00100356 0.000914428 0.0153349 0.00409365 -0.00315368 0.000578737 -0.0162649 -0.00673638 0.00473578 -0.00262405 -0.014151 -0.00354152 -0.0323137 -0.00487563 -0.00809375 -0.0474801 -0.0595516 0.00535807 0.00180695 -4.60928e-05 -0.0280975 -0.00301517 0.00397205 -0.00582793 0.0156304 -0.0223092 -0.0562623 0.00428991 0.00363748 0.000307754 0.012955 -0.00514947 -0.00506544 -0.023965 -0.045979 -0.000549461 -0.0205542 -0.00109252 0.00693606 0.0100919 0.00581295 -0.00281053 0.00422652 -0.042886 0.000241434 0.00320051 0.0021126 -0.000399421 0.000404082 -0.0105197 0.0121596 -0.0610799 -0.00174746 -0.0103256 -0.0555421 0.00139529 -0.0007344 0.00883886 -0.0043599 0.0144223 -0.00177464 0.000471897 0.00237583 0.00317709 0.00697267 -0.00314633 -0.00293764 0.00814355 -0.0578203 -0.00258751 0.00267005 -0.0049281
0.0705178 -0.00189633 -0.0164704 -0.00896183 -0.032017 -0.0149867 0.00748869 -0.00150201 0.408322 0.0515093 0.0116816 -0.0081958 0.030411 -0.00605 0.00235856 -0.00246669 0.0082574 -0.0111972 -0.0362241 0.00154161 0.0086241 0.000587676 -0.00268843 -0.00633598 -0.118158 -0.000456644 -0.0106381 0.00770498 0.0280923 0.0057538 -0.00331127 -0.0460702 0.00721533 -0.0107534 -0.0193328 0.00423128 -0.00102197 -0.0226532 -0.0146768 0.00735254 0.00575615 -0.0220508 -0.00210863 0.00461201 -0.00133406 0.00694315 -0.0598012 -0.0101614 0.0188703 0.0113345 -0.0209958 0.0094287 0.00284385 -0.00395354 0.00442411 0.0323852 -0.027988 -0.00814145 0.0101015 -0.00810712 0.0109522 0.0150091 0.000593867 0.00841864 -0.0070386 0.00905163 -0.0683669 -0.0122085 -0.102715 0.0188067 0.0179635 0.00592504 0.00599415 -0.0174943 0.0187567 -0.0257473 0.000290068 0.00168058 -0.00693056 0.00139433 0.0197259 -0.0168478 -0.00607169 -0.0686053 0.00613425 0.00998744 0.0201741 -0.00653465 0.0077002 0.0249664 -0.00419333 0.00234025 0.00376506 0.068012 -0.0697648 -0.0203503 -0.00571797 -0.0117918 0.0270395 0.0295205
0.0671331 0.0175091 0.00397203 0.00579392 -0.00992076 -0.00371553 0.00405492 -0.00334536 0.0515093 0.156584 -0.0101811 -0.00354595 -0.000265853 -0.013776 -0.00137291 -0.00123032 0.0132073 -0.00278994 -0.0171589 -0.00611863 -0.0201638 -0.00742446 0.00491386 0.00269261 0.0127118 0.000957616 0.0466291 0.00325404 0.0315433 -0.00984872 -0.0358784 -0.0415124 -0.0293071 -0.00974509 0.0200194 0.00712891 0.0277509 -0.00341371 0.00146125 -0.00255375 0.00408864 0.000998974 0.0154297 0.00166458 -0.00433889 7.9519e-05 -0.073712 -0.00237125 0.00294842 0.000284115 8.45069e-05 0.00593826 0.0340782 0.0100729 -0.0073689 0.00471318 -0.0575173 -0.00489143 -0.0205969 -0.00744891 0.0161285 -0.00936097 0.00341255 -0.00574471 -0.00675778 0.00345661 0.0117598 -0.00861779 0.0223885 0.0179661 0.00964778 0.00345537 0.000487131 0.0205475 -0.00207467 -0.00129658 0.00102582 -0.124102 0.00713605 0.000520601 0.0139536 -0.0135438 -0.00513784 -0.0404512 0.00324328 -0.0144605 0.0210851 -0.00262602 0.0121749 0.00208347 0.0112701 0.0118892 -0.00831659 0.0178218 0.00555061 -0.00421327 -0.00972206 -0.00750975 -0.013429 0.0337659
-0.00318536 0.0787619 0.0016792 -0.00675093 0.00143476 0.00262319 -0.00256806 0.00761118 0.0116816 -0.0101811 0.424032 -0.0359257 0.0237592 -0.048671 0.039136 -0.00367662 0.0176972 0.0148492 0.00773862 0.0123117 -0.0588335 0.00916692 -0.0180195 -0.0444793 -0.00172008 0.00557912 0.0343524 -0.00133594 -0.133262 0.00115883 -0.0827154 -0.0610425 -0.0162236 -0.0441698 9.40782e-05 -0.00725836 -0.00922337 -0.0101793 0.00918137 -0.0236266 0.0146385 -0.0370093 0.00210293 0.00789282 0.000124695 -0.00193391 0.0211675 -0.00504746 -0.00977209 0.0130872 0.0177759 0.0239245 0.112609 0.0008716 0.00374663 -0.0237597 -0.0717216 -0.037412 -0.0470047 -0.0145705 0.0107384 -0.01091 0.00359363 -0.013909 -0.0315859 0.00113044 0.00245231 0.00786258 0.00394114 -0.0153539 0.00317096 -0.00312171 0.00570929 -0.0638699 -0.00489575 -0.0180678 0.00458543 0.0390946 -0.00770672 0.0067436 -0.0258448 -0.00641383 0.00934862 0.000872925 0.0170946 0.00966899 -0.016376 0.00206406 0.00955667 -0.00118272 0.00974257 0.00477475 0.00346355 0.0289704 -0.0162842 0.0222278 0.0086774 -0.00792145 0.0423285 -0.103501
0.00272605 -0.0320711 0.00897462 0.0137821 0.00696923 0.000342056 -0.000956551 -0.00477585 -0.0081958 -0.00354595 -0.0359257 0.601943 0.000505748 -0.0650934 -0.00594234 -0.00813512 -0.0510246 0.0069812 -0.00656308 0.0245955 -0.0168923 -0.0116675 -0.00866561 -0.00444085 -0.010101 0.00578699 -0.00716209 -0.00717946 -0.0207337 0.00061801 0.0236393 -0.0138192 -0.010347 -0.100445 0.018559 -0.0578485 -0.0112321 -0.0200715 0.026702 0.0138066 0.00811376 -0.0139531 0.00220682 0.00723082 0.00359604 -0.00817155 -0.0190422 0.00310672 -0.0141288 0.0161533 0.015165 0.00487914 -0.0356155 0.00202702 -0.0226635 0.0064216 0.0193959 -0.0814029 -0.00867968 -0.00260474 -0.0413224 0.00262122 0.00424607 0.0270075 -0.0953137 0.0169964 0.0109884 -0.00339348 -0.00246351 0.00362675 0.00153685 0.000677164 0.0280989 -0.0101302 -0.0100515 0.000902122 0.0106721 -0.0333432 -0.0163916 0.0021089 -0.00233787 -0.00215755 -0.00967108 -0.00434269 0.000596573 -0.0053721 0.00425499 -0.00170495 -0.00617371 -0.0013514 0.00427229 -0.00894257 -0.00991079 -0.0184548 -0.00932062 -0.0181112 -0.0187852 0.00815227 0.0319218 -0.00271006
0.00593309 0.0182491 0.0166244 -0.0274706 -0.0115175 -0.0507896 0.00182754 -0.0097767 0.030411 -0.000265853 0.0237592 0.000505748 0.483016 0.0123398 -0.0160232 0.000154195 -0.00447447 -0.0369839 -0.00504864 0.0219041 -0.0114179 -0.0140577 0.0208562 0.00323896 -0.170224 0.00107776 -0.00744478 0.0223349 0.00549249 -0.00567691 0.00842752 0.00665582 0.00437427 0.00841384 0.0470501 0.000704918 -0.0022917 0.0180895 0.0595078 0.0320336 0.00289569 0.0221675 -0.019083 -0.000113868 -0.0229773 0.0222784 -0.00474058 0.00794358 -0.00256922 0.00403187 -0.0154091 -0.0703766 0.00528363 -0.0158207 -0.0101728 -0.0246558 0.0364577 0.0100176 -0.0017014 0.00636431 8.32544e-05 -0.0203131 -0.00192416 0.0298433 -0.00711846 -0.0727723 -0.00333262 -0.0293837 -0.00465765 -0.0130581 0.0187803 -0.000660563 -0.0812423 0.021501 -0.00895399 0.0228644 0.0200559 0.00340017 -0.00502307 -0.00662459 -0.00169774 -0.143607 0.0052138 0.00526568 -0.0352721 -0.0249248 0.00262672 -0.00262113 -0.0425407 0.0134041 -0.00402772 0.014524 0.00348611 -0.0501142 0.00608609 -0.00859946 -0.00350184 0.00547086 -0.0224434 -0.00568031
-0.0110055 -0.058564 0.0114387 -0.00200923 -0.00198529 -0.00414454 0.000684639 0.00812066 -0.00605 -0.013776 -0.048671 -0.0650934 0.0123398 0.619819 0.0135931 -0.0127706 -0.000960886 -0.0013316 0.00153423 0.0322931 -0.0767113 0.00816652 0.00102901 -0.0131799 0.0101662 0.0137108 -0.000406758 0.000643835 0.00351108 -0.0039617 -0.0446079 -0.041761 -0.0138654 -0.076165 -0.00720667 -0.0228359 -0.0588066 -0.000211869 -0.00557104 0.00249708 0.00546748 0.00102689 -0.0235133 0.0146497 -0.000984826 0.00257344 0.00600339 0.00351896 0.00810871 0.0118339 0.00863269 0.00281609 -0.0594992 -0.0241128 0.00754909 0.0144049 -0.00639384 -0.0692072 0.00953581 -0.00512239 -0.00420895 -0.000394935 0.00794842 0.00480991 -0.0507559 -0.0110735 0.00333331 -0.00304163 0.0039357 -0.00689865 -0.0139516 0.00392414 0.00887061 0.00202999 -0.00772139 -0.00192042 0.00794269 -0.0188668 0.0113023 0.0119129 -0.00573984 0.00106292 -0.00136827 -0.00250515 0.000841155 -0.00108569 -0.00404191 -0.0033033 -0.0478229 0.00172888 -0.00389612 -0.00258168 0.00403079 -0.00478649 0.00115377 0.0107182 -0.00343566 0.00283896 0.0153296 -0.0109481
0.00461742 -0.00420485 -0.00135262 0.00717729 0.00973717 0.0151159 -0.0320505 0.00234288 0.00235856 -0.00137291 0.039136 -0.00594234 -0.0160232 0.0135931 0.276214 0.0010839 0.00809812 -0.00440276 0.0390321 -0.00975635 0.0277941 0.0034692 -0.0997575 -0.0200263 -0.0232964 0.00375243 0.0416261 0.00903031 -0.0805051 -0.0216697 0.0231392 -0.0092319 -0.0132661 -0.00023011 -0.0206576 0.00638284 0.00566282 0.0163064 -0.00212978 -0.00165472 -0.0114035 -0.0325039 -0.00741474 0.00196274 0.000389538 0.00671419 -0.00139191 -0.00953344 0.0160946 -0.0136619 -0.0178406 0.00640499 -0.0256238 -0.0190012 0.00945343 0.024322 0.051293 0.00199339 -0.0226733 0.00281091 0.00939772 0.0124174 -0.00180579 0.00418651 -0.00744873 0.000497633 -0.0109534 -0.0380785 -0.0294033 -0.000733476 -0.0116397 -0.00144343 0.000658984 -0.106661 -0.0085228 -0.0322731 -0.00223607 -0.0166523 -0.00734772 0.00239937 -0.0089673 0.0302339 -0.000281043 0.0597976 0.0121584 -0.0353173 -0.000951444 0.0124404 0.00135293 -0.00337357 0.00717844 0.01285 -0.00297721 -0.0378128 0.0773345 -0.0088299 0.000352853 -0.00074465 0.00361141 0.0379853
0.00582885 0.00711974 -0.0327829 0.00994723 0.000271781 -0.000351707 -0.00891216 0.0160899 -0.00246669 -0.00123032 -0.00367662 -0.00813512 0.000154195 -0.0127706 0.0010839 0.448555 0.00834 -0.00451567 -0.00595344 -0.0406667 0.00195817 0.0226164 -0.00524181 -0.00876893 0.00119393 -0.0262682 -0.00648381 0.000675573 0.00666007 -0.0207427 -0.0201247 0.0155927 0.0127814 -0.0126265 -0.0112682 -0.00154982 0.0127539 -0.00771036 -0.0039167 0.00511062 -0.0529251 -0.000196859 -0.00641353 -0.0220051 0.000469838 0.00032001 -0.00810913 -0.0775845 0.00988115 0.00519706 -0.00112203 0.00366256 -0.000165004 -0.0233577 0.0272017 0.0108458 0.00372951 -0.0113485 0.00366088 -0.00191315 0.000855261 -0.00363275 -0.030137 0.00793556 5.98198e-05 -0.0146358 -0.0016368 -0.00288613 -0.00448053 0.00586679 0.00781664 -0.00961711 0.015281 0.000223272 -0.0226628 0.00825753 0.0102818 0.0176507 0.0173194 0.00548672 0.00245993 -0.00128422 0.0225879 0.00622258 -0.000169348 -0.00382416 0.0291932 -0.281058 0.00526888 0.0050053 0.00415085 0.00363278 -0.00232536 -0.00625772 0.00690077 -0.00166182 0.0211755 0.00599103 0.0295453 0.00461355
0.0329007 -0.0175713 -0.0218424 -0.00292297 0.000357911 0.00577189 -0.0001804 -0.0107177 0.0082574 0.0132073 0.0176972 -0.0510246 -0.00447447 -0.000960886 0.00809812 0.00834 0.580311 0.000845018 0.00275841 -0.0275747 0.0180344 -0.0182235 0.007761 0.0351456 -0.00523732 -0.00246435 0.0126323 -0.00222671 -0.00528548 0.00237698 0.0186602 0.0376241 -0.0125579 -0.0320023 0.0281532 -0.100951 0.025026 -0.0100264 -0.0091772 -0.00561878 0.0189512 -0.00281577 -0.000373994 0.00198692 -0.00246942 -0.00391291 -0.0034575 -0.00862242 -0.0869484 -0.00651517 -0.00645939 0.000863772 -0.0426999 0.0137351 -0.0556607 -0.0186138 -0.0105423 -0.0377205 -0.0193979 0.00664564 -0.125784 0.00435971 0.00914825 -0.00620659 -0.0557194 0.0286977 -0.00584756 -0.0013216 -0.00453044 0.000452454 0.0256692 -0.0085243 -0.00298408 -0.00946854 0.00832627 0.000769532 -0.00622495 0.0163889 -0.00499097 -0.0017467 -0.00244003 -0.00589138 -0.0218086 0.000941518 0.00043713 0.000230623 0.0145189 -0.0056544 -0.00935793 -0.00320646 -0.000725542 -0.00378048 -0.00505868 0.0125941 -0.000377719 -0.0112441 -0.0304429 -0.00375192 -0.00932184 0.0198079
0.00641915 -0.00340046 0.000840084 0.0109009 -0.108371 -0.0495145 0.0032502 0.0048199 -0.0111972 -0.00278994 0.0148492 0.0069812 -0.0369839 -0.0013316 -0.00440276 -0.00451567 0.000845018 0.600634 0.0180233 0.00754351 -0.0101423 0.00678678 -0.0162756 -0.000190261 0.00825108 -0.003362 -0.00152453 -0.00592891 0.0214195 0.00272526 0.00234729 0.00603085 -0.00339613 0.00555281 -0.0262788 0.000261794 -0.0104509 -0.0165484 -0.0143024 -0.0269644 -0.00609719 0.0195131 0.00105173 -0.00339861 0.0111472 -0.00397828 0.00594169 -0.0021336 -0.00129629 0.0010717 -0.0737073 -0.0405033 -0.00567701 0.00013836 0.0044515 0.00883119 0.027756 0.00277037 -0.0150306 -0.0273385 -0.00237357 0.0111659 -0.000171331 -0.0217673 0.00747166 0.0333247 -0.087118 -0.0760856 0.0211692 -0.0140666 -0.00138134 -0.00123358 0.0190039 -0.00878371 -0.0056445 -0.00983614 0.00075424 0.00394276 0.00141885 0.00265971 -0.0122954 -0.0404682 -3.00172e-05 -0.0216701 -0.0609975 -0.0652848 0.00342692 -0.00175296 0.00366753 -0.00174091 0.0139308 0.00341768 -0.0201736 -0.00998749 0.000754753 0.014098 0.00330838 -0.0046844 0.0199299 -0.0171436
-0.031879 0.00209213 0.00984244 -0.00153075 0.034496 -0.00448738 0.0338533 -0.000238093 -0.0362241 -0.0171589 0.00773862 -0.00656308 -0.00504864 0.00153423 0.0390321 -0.00595344 0.00275841 0.0180233 0.455133 0.00932806 0.0164453 -0.00262378 -0.00614822 -0.0387964 0.00910164 0.0026827 0.0171673 0.00242895 -0.0140974 -0.000325526 0.00460415 0.0330133 -0.00584837 -0.00350099 0.00241322 0.00284235 0.00529261 -0.000215408 0.00370747 0.00243596 -0.00888021 -0.0063688 0.00153662 6.4818e-05 0.00255662 0.00284132 0.00723691 0.00258212 0.00826489 -0.0336546 0.0114818 -0.00672459 -0.002568 -0.00135919 -0.00146846 -0.00305142 -0.00662075 -0.00200567 -0.00940453 -0.00376991 0.00728394 -0.00197648 0.00219179 -0.000468051 -0.00936676 0.00652073 0.0378653 -0.00520907 -0.217589 -0.0065728 -0.00308726 0.000453644 -0.00363805 0.0122631 -0.00948224 -0.00687033 0.00425748 -0.00340125 0.00055779 0.00107194 -0.00946701 0.000148512 -0.00250699 -0.10252 0.00170975 -0.00869181 -0.00318537 -0.000676621 -0.00752389 -0.00651566 0.00151445 0.00126876 -0.000199046 -0.0269539 -0.0825134 -0.00654893 -0.00304089 -0.00407539 -0.0157691 0.0507791
0.00682452 -0.00651767 -0.138982 -0.00681644 -0.000964667 0.0183535 0.00756879 -0.00559656 0.00154161 -0.00611863 0.0123117 0.0245955 0.0219041 0.0322931 -0.00975635 -0.0406667 -0.0275747 0.00754351 0.00932806 0.405496 0.0275861 -0.0140072 0.00858212 0.0121997 0.00229163 0.0195863 0.000911573 -0.00101892 -0.027381 0.0224111 0.0277635 0.000389404 0.0228613 0.0293317 -0.0198185 -0.00687866 -0.00948644 0.0283496 -0.000976346 -0.0159257 0.0437328 -0.00600275 -0.0310923 0.0259367 0.0170702 -0.00256905 -0.0438662 -0.0949404 -0.00590248 0.0055466 -0.00561401 0.0046927 -0.00684393 0.0112992 -0.0249643 -0.0245963 -0.00807313 0.0183098 0.000854698 0.0128078 -0.0185746 0.0208061 0.033216 -0.0215573 0.0125826 0.036227 -0.00148236 -0.00934037 -0.00382015 -0.00135532 -0.00285336 0.0194824 -0.0402492 -0.00454007 -0.0308202 0.0187942 -0.0298319 -0.0463385 0.0518304 0.0101765 0.00151213 0.0316934 -0.0377267 0.000459005 0.00976211 -0.00722343 -0.118197 -0.0664932 -0.0165987 0.0022859 -0.0160345 -0.0099804 -0.00265957 0.00480411 2.28996e-05 -0.0118247 -0.0349974 -0.0146002 -0.0212886 -0.0277873
-0.0192295 -0.0572513 0.00794486 -0.00824527 -0.0150453 -0.0115171 0.000608869 0.0146643 0.0086241 -0.0201638 -0.0588335 -0.0168923 -0.0114179 -0.0767113 0.0277941 0.00195817 0.0180344 -0.0101423 0.0164453 0.0275861 0.567022 0.0205691 0.0128541 0.0138125 0.00664846 0.00272301 0.0126561 0.00452122 0.0160151 -0.00565739 -0.053931 -0.104777 -0.0141539 -0.0318833 -0.0320015 0.00366933 -0.100307 0.00390334 -0.0336734 -0.00121807 0.00988908 -0.000247274 -0.0177564 0.00559785 0.00909537 0.00602884 0.034996 0.0159858 0.000880355 -0.000857976 -0.00278355 -0.000762569 -0.0385583 -0.00225838 0.0172081 0.0150249 -0.0233136 -0.0299542 0.0141909 -0.00324666 0.0108813 0.00771521 0.00465922 -0.00424301 -0.00335797 -0.0136819 -0.015503 0.00667543 0.00800375 -0.00619917 0.0141526 0.00449603 -0.0774328 -0.00192163 -0.0114896 -0.00666369 0.0086883 -0.0296075 0.00781397 0.0101589 -0.00412671 -0.0177468 0.00276505 0.000339863 -0.00181247 0.00614178 0.0106418 -0.00320232 -0.0622023 -0.000339759 0.0027421 0.00390829 0.00819662 0.0141018 0.0252591 0.0137859 0.0104752 0.000963218 -0.00530324 -0.0110279
-0.0159499 0.0115442 -0.00179212 0.00464995 0.00742452 -0.0114757 0.00166308 -0.0692076 0.000587676 -0.00742446 0.00916692 -0.0116675 -0.0140577 0.00816652 0.0034692 0.0226164 -0.0182235 0.00678678 -0.00262378 -0.0140072 0.0205691 0.631624 -0.00701026 -0.0227126 -0.00778312 -0.0274719 -0.00365964 0.000979677 -0.00235485 -0.000940446 0.0314311 0.0110105 -0.000906155 -0.00234964 -0.0184724 -0.0105484 0.00518032 -0.0053518 1.24147e-05 -0.0039312 -0.0163824 -0.00394554 -0.00556688 -0.0329697 -0.059791 0.00263651 -0.00512997 0.0045054 -0.0294104 -0.00335794 0.00305238 -0.0111298 0.0145055 -0.0156162 -0.0702385 0.00522011 0.00232781 -0.00345851 0.012753 -0.00794626 -0.00765948 -0.0387333 -0.0297416 -0.00097554 -0.033936 0.0140019 0.00994424 0.0123433 0.00546463 -0.000908717 0.00928497 -0.0350515 -0.0038158 0.00346059 -0.000462254 -0.00141117 0.00157263 -0.00564451 0.0156895 -0.0562019 -0.0016491 -0.0137422 -0.0710772 0.00206442 -0.00427909 0.0108432 0.000327931 0.0191741 -0.00660856 0.0015815 0.00373351 -0.00149946 0.00615001 -0.00702747 -0.00455543 0.00806613 -0.0765294 -0.00293573 0.0057997 -0.00756477
0.00942137 -0.00091392 0.000612733 -0.00962596 -0.012052 -0.0386345 0.0183177 -0.00623616 -0.00268843 0.00491386 -0.0180195 -0.00866561 0.0208562 0.00102901 -0.0997575 -0.00524181 0.007761 -0.0162756 -0.00614822 0.00858212 0.0128541 -0.00701026 0.554721 -0.0375728 0.00550356 -0.000951755 0.000937223 -0.0125157 -0.0438297 0.00215231 0.0218155 0.0221294 0.00155396 -0.00431511 0.0178084 0.0101624 0.00652187 -0.0134047 -0.00158614 -0.0298796 0.00534592 -0.129851 -0.0107875 0.00112194 -0.00996734 -0.0132688 0.0234495 -0.000357874 0.0202727 -0.000310493 0.00575217 -0.00495776 0.00329731 -0.0165621 0.000317566 -0.000613046 0.043826 -0.000449249 -0.0169665 -0.0698715 0.0153271 -0.00990851 -0.00172281 -0.010262 -0.012525 0.0262586 0.00272033 -0.00527751 0.018722 -0.0141653 -0.00538101 0.00510484 -0.00820145 -0.0787971 0.0011205 -0.00438361 -0.0144252 -0.0127591 -0.000879143 -0.002717 -0.0258551 -0.00304704 -0.00674134 -0.00664105 -0.0153403 -0.0316401 -0.00891887 -0.00514007 -0.00985436 0.00348954 0.0118098 0.00315201 -0.0222228 0.0568514 -0.000873069 -0.0141211 -0.00977624 -0.0350337 -1.27152e-05 0.0113467
0.00134539 -0.00668116 0.00902058 0.0249078 0.00989809 -0.0392839 -0.0186787 -0.0124611 -0.00633598 0.00269261 -0.0444793 -0.00444085 0.00323896 -0.0131799 -0.0200263 -0.00876893 0.0351456 -0.000190261 -0.0387964 0.0121997 0.0138125 -0.0227126 -0.0375728 0.424315 0.0163507 0.00720094 -0.000242916 0.0045476 -0.0301512 0.0136037 -0.0286126 0.0132607 0.00346144 -0.00431069 0.00672258 0.0303068 3.12746e-05 0.0158086 0.0137896 0.0346358 -0.0392158 -0.0116088 -0.00666051 -0.00387584 0.00785163 0.0067475 -0.0268714 -0.00047878 0.0523002 -0.0734386 -0.0138653 -0.0175723 -0.0238368 -0.00954085 -0.00420015 -0.0269141 -0.0483613 -0.00401617 -0.00866927 -0.0300949 0.049813 0.00774546 0.00697046 0.00522153 -0.0261403 0.0312369 0.0136371 -0.0390079 -0.0183872 0.0602671 0.000315654 0.000198454 0.0133183 0.00531213 -0.00526691 0.0192041 0.0315557 0.0383328 -0.00986413 -0.00375133 0.0524476 -0.0288015 -0.0293009 0.0419645 -0.00282792 -0.017007 0.023713 -8.19934e-05 -0.0217896 0.00336156 -0.00306515 -0.00331984 -0.00089338 2.21196e-05 -0.0433612 -0.0160108 -0.0316577 -0.0123689 -0.0277672 -0.141154
0.0178143 0.0132066 0.00708205 0.00158883 0.0030376 0.00930897 -0.0013314 -0.00741181 -0.118158 0.0127118 -0.00172008 -0.010101 -0.170224 0.0101662 -0.0232964 0.00119393 -0.00523732 0.00825108 0.00910164 0.00229163 0.00664846 -0.00778312 0.00550356 0.0163507 0.319906 -0.0052577 -0.0161874 -0.00244318 -0.0125484 -0.00638578 0.0029229 -0.0378815 -0.000662324 -0.00538692 0.0205279 -0.00723151 0.00769769 0.00425945 0.0749203 0.00941345 -0.011409 0.0036533 -0.00124774 -0.00778477 -0.00667746 -0.0067555 -0.00263595 -0.00217904 -0.01063 0.0123622 -0.0277474 0.00523567 0.0113904 -0.00122065 -0.0075028 0.00713973 -0.0110012 -0.00240822 0.0298419 0.0187773 -0.00703579 -0.00561723 -0.00851533 0.0118733 -0.0104168 0.0100156 -0.0276252 -0.000635588 0.000471318 0.0216051 -0.00876556 -0.0104548 -0.0577339 -0.0016047 0.0191488 0.0187101 0.00598191 -0.00657017 0.0252123 -0.00828992 0.0198652 -0.08473 -0.00260103 0.0121468 0.020684 0.0050145 -0.00881561 0.00921781 0.00937253 -0.0119944 0.0157944 0.00587145 -0.00480372 0.0431981 0.00198612 -0.0262169 -0.00461053 0.0107474 -0.0130653 0.00965361
0.0105074 0.00616227 -0.0112399 0.000630058 -0.00328349 -0.0042657 0.00112904 -0.0437574 -0.000456644 0.000957616 0.00557912 0.00578699 0.00107776 0.0137108 0.00375243 -0.0262682 -0.00246435 -0.003362 0.0026827 0.0195863 0.00272301 -0.0274719 -0.000951755 0.00720094 -0.0052577 0.610783 -0.00799417 0.00308202 0.00249574 0.0130707 -0.00629559 -0.0180404 -0.0106398 0.00608253 0.0313408 -0.00230613 0.000823063 -0.00430514 -0.0304275 -0.00214062 -0.0891412 -0.00305811 -0.00226414 -0.0991313 -0.03085 0.00311507 0.00951782 -0.0171935 -0.0285431 -0.00815931 0.000433361 0.00040644 0.0200921 -0.0191525 -0.0202827 0.00636253 0.00674946 0.0103939 -0.00401071 -0.00211986 -0.00552896 0.0148731 -0.0953685 -0.000261584 0.00756116 -0.0104061 0.000223786 0.00163828 0.00681708 -0.000852494 0.00602518 -0.063229 0.00610071 0.000475395 0.00587968 -0.00551025 -0.00062154 -0.0215655 -0.0342599 -0.0697315 3.21714e-05 -0.00435892 0.00241441 -0.00257888 -0.00180368 0.00135239 -0.00913961 -0.0315311 0.0211404 -0.00588387 0.00309155 0.00554439 0.00304483 0.0106636 0.00122689 0.00478047 0.00525805 -0.000622549 -0.0154669 0.00156079
-0.0155941 -0.00516051 0.0143109 -0.0103206 0.0143397 -0.00225643 0.00908278 -0.00406178 -0.0106381 0.0466291 0.0343524 -0.00716209 -0.00744478 -0.000406758 0.0416261 -0.00648381 0.0126323 -0.00152453 0.0171673 0.000911573 0.0126561 -0.00365964 0.000937223 -0.000242916 -0.0161874 -0.00799417 0.291406 0.00813422 -0.0263459 0.0196991 0.0224823 -0.00611935 -0.0198939 -0.005016 -0.00408602 0.012876 0.00408077 -0.000395854 -0.0127381 -0.00727847 0.00241287 -0.0169925 0.0112555 -0.00193752 -0.00371629 0.00824877 -0.0243509 0.0121624 0.0289042 -0.0466477 0.017604 0.00188287 -0.0163386 0.000607513 0.00369663 -0.138293 0.0231631 0.000991789 0.00160438 0.000249463 0.0196992 0.00800533 -0.00670874 0.00151362 -0.010864 0.00214612 0.0333958 -0.0350313 0.00281534 -0.0158413 0.00764874 0.0107445 -0.0103337 -0.00939937 0.0142596 -0.0184225 -0.0106572 -0.032507 0.0080343 -0.00193179 -0.0104587 0.0060494 -0.00585517 -0.0291092 0.00357946 -0.00859424 -0.0467129 -0.0102959 0.00931559 -0.00308129 -0.00236396 0.0031486 0.007452 -0.0198062 0.0757727 -0.00145306 -0.00816928 -0.00918049 -0.0224689 -0.0227252
-0.0264882 -0.00295573 0.00540659 0.00393132 -0.0020123 -0.00508889 -0.00415848 0.00440211 0.00770498 0.00325404 -0.00133594 -0.00717946 0.0223349 0.000643835 0.00903031 0.000675573 -0.00222671 -0.00592891 0.00242895 -0.00101892 0.00452122 0.000979677 -0.0125157 0.0045476 -0.00244318 0.00308202 0.00813422 0.61554 0.00360685 -0.0015028 0.00236438 -0.00175339 -0.00761774 -0.00548615 0.0129959 -0.00378474 -0.00213047 -0.0139715 0.00990479 -0.0134332 -0.0119652 -0.021589 0.0163053 -0.00264469 0.0223226 -0.0957848 -0.00181543 0.00261108 -0.00970526 -0.00478475 -0.0135045 -0.0284393 -0.00153272 0.0166961 -0.00454104 0.0103909 -0.00253106 -0.00438951 -0.0279071 -0.0323469 -0.0041072 -0.0116606 0.00321341 -0.0185012 -0.00531918 -0.0394036 -0.0097528 0.00803524 0.000541136 0.0150008 -0.00881473 -0.00588933 0.00530984 0.0121778 -0.0112831 -0.00711224 -0.0520325 0.00177909 -0.000526119 0.00192519 0.0111499 0.0232393 -0.000361821 -0.0073527 -0.0460677 -0.0243115 0.0114917 0.00664766 0.0236232 -0.00343927 -0.0692594 -0.0955747 -0.0744422 0.0108073 0.0089934 -0.0744687 0.00167474 -0.0177037 0.0130887 -0.006694
0.0139927 0.028152 -0.00663254 -0.00183172 -0.00273138 0.0181547 -0.0214637 -0.00100356 0.0280923 0.0315433 -0.133262 -0.0207337 0.00549249 0.00351108 -0.0805051 0.00666007 -0.00528548 0.0214195 -0.0140974 -0.027381 0.0160151 -0.00235485 -0.0438297 -0.0301512 -0.0125484 0.00249574 -0.0263459 0.00360685 0.506785 -0.0106833 0.0054922 -0.0120472 -0.0109853 -0.014602 0.000241585 -0.00381668 0.00620158 0.0285637 0.0133018 -0.044022 0.00679514 -0.0373718 -0.00225335 0.00377552 0.000207473 0.0040845 0.00980999 -0.00847319 0.00883587 -0.0738963 -0.0124201 0.0150345 0.0241265 -0.00569281 -0.000432427 -0.0631872 -0.0164913 -0.00754691 0.00561808 0.000983407 0.0018721 -0.000865024 0.00065462 -0.0368049 -0.0186117 -0.00439617 -0.0154012 0.0185461 -0.0349881 -0.00266432 -0.00656713 0.00449064 -0.00688934 -0.0847336 0.00385609 0.0278737 -0.0225656 -0.0159671 -0.0128742 0.000775346 -0.00262824 0.0305664 0.00235782 -0.0242164 0.0262157 0.0289113 -0.018893 0.00928412 0.00953395 -0.00764727 -0.00617434 0.000576282 0.0194157 0.00570887 -0.0438312 0.0403405 -0.000411045 -0.0171044 0.0151468 0.00494858
-0.0200528 -0.00149669 0.0098751 -0.00398699 0.00628437 0.00141288 0.00658114 0.000914428 0.0057538 -0.00984872 0.00115883 0.00061801 -0.00567691 -0.0039617 -0.0216697 -0.0207427 0.00237698 0.00272526 -0.000325526 0.0224111 -0.00565739 -0.000940446 0.00215231 0.0136037 -0.00638578 0.0130707 0.0196991 -0.0015028 -0.0106833 0.083317 -0.00629517 -0.00420341 -0.00505981 -0.00106628 -0.00136838 -0.000205917 0.00381473 -0.0484951 -0.00324568 0.00241463 0.0074893 0.00868922 0.00194134 0.0107629 -0.00512933 -0.00183782 0.0264401 0.00198809 -0.00295276 -0.0209147 -0.00276973 -0.00137848 -0.00318226 -0.00192088 0.000635812 0.000546748 -0.00149621 -0.00163069 -0.00298726 0.00201674 -0.0003855 -0.00244007 0.00883442 0.000149349 0.0023067 -0.00523165 0.000400349 -0.00482514 -0.00236852 0.0022622 0.00110356 0.00211035 0.00822512 0.00807799 0.015258 -0.0167567 -0.000127379 0.0173387 -0.000968987 0.00388404 0.00608065 -0.00514567 -0.00231005 0.0066451 0.000248053 -0.00388646 0.0315935 -0.021544 0.00109524 -0.001219 0.00156812 0.00118626 -0.00198132 0.0164307 -0.00699256 0.0025365 -0.00169434 0.00169652 -0.0920775 -0.0166426
-0.00966086 -0.0258079 -0.0120668 -0.0404013 0.00887936 0.00429079 0.00222898 0.0153349 -0.00331127 -0.0358784 -0.0827154 0.0236393 0.00842752 -0.0446079 0.0231392 -0.0201247 0.0186602 0.00234729 0.00460415 0.0277635 -0.053931 0.0314311 0.0218155 -0.0286126 0.0029229 -0.00629559 0.0224823 0.00236438 0.0054922 -0.00629517 0.545847 0.00107376 0.0102399 -0.00721575 -0.0147308 -0.0135038 0.0041152 0.024696 -0.0223171 -0.0229439 -0.0405935 0.0210514 -0.0414697 -0.010981 -0.0233361 0.00126309 0.0382124 -0.0337435 -0.0224751 0.00495942 -0.00700835 0.00534507 -0.0332185 -0.0556773 0.0399947 -0.00485803 -0.114308 -0.0190687 -0.0093701 -0.00124412 -0.0169941 -0.00613835 -0.0204807 -0.0449863 0.0423332 -0.0652676 0.00172864 -0.0230428 -0.0166982 -0.0184239 -0.050868 -0.0310077 -0.00263272 0.015728 0.00217468 -0.00690483 -0.0136845 5.70757e-05 0.0243848 0.000135553 -0.0127009 -0.0101792 0.042437 0.0148006 0.0111418 -0.0170139 -0.0131889 0.00627551 -0.0192086 0.00369168 -0.0150466 0.0111689 -0.00191773 0.00664775 0.000187584 0.00504089 0.048061 -0.0194507 0.00601603 -0.0213243
