## GPz 1.0.0 model file
## internal data (do not edit)
# number of features
4
# feature column name
f125w f160w f606w f814w
# feature mean
24.1955 23.4736 22.7802 22.5181
# feature sigma
1.4514 1.45148 1.39616 1.40251
# output mean
1.18488
## model parameters (can edit)
# num basis functions
100
# BF weights
-0.249744 -0.0281804 0.0291972 -1.02992 1.9302 -0.0594415 -0.00419439 -0.269858 -0.674885 -0.646337 1.24036 -0.169495 -1.82847 -0.278271 -0.19773 0.235811 0.197359 1.50133 0.262352 -0.853475 -0.0528446 0.278063 -4.34245 0.0129832 1.56833 0.00285587 1.39592 0.607579 0.687365 0.263272 -1.79288 1.08602 0.0501433 -0.256384 -0.571141 -0.199957 -0.265235 -0.265429 -0.990234 -0.710295 0.232015 -1.90973 -0.200913 0.306147 0.220036 1.23506 -0.765328 0.0653122 0.194902 0.488882 -1.30387 -1.21538 -0.00725437 0.429803 0.142629 1.37112 -0.686635 -0.491981 -0.650666 -1.74525 0.156941 -0.162427 0.388107 -1.0034 -0.0902501 1.32123 0.012657 1.63968 -1.11994 -0.67127 -0.000654455 -0.0496651 -0.335753 -0.1114 -0.21651 -0.669472 0.170673 1.0549 -0.21105 0.0658857 0.0516031 0.116908 -0.223395 -0.64046 -0.978895 0.943576 0.202402 0.49239 -0.291377 1.7189 0.874372 0.558065 2.58342 0.22856 -1.06383 0.148914 -0.165246 -0.0959905 -0.0548087 0.508067
# BF priors
3.03584e-73 3.62752e-14 1.33416e-12 1.08158e-53 1.25459e-64 2.01806e-128 1.16922e-41 0.0274171 2.03614e-162 2.17694e-22 3.48138e-17 1.36835e-24 0.460952 1.85574e-23 9.25026e-126 4.12214e-14 3.03631e-29 1.67074e-88 4.9388e-22 0.143233 8.45343e-52 4.66252e-35 8.36911e-166 7.81777e-38 1.88543e-68 5.55557e-06 6.79542e-84 3.51147e-97 3.09423e-30 1.26438e-84 1.10389e-20 0.000547576 9.45671e-68 3.07261e-21 1.19325e-192 4.15054e-14 6.99894e-05 9.57811e-24 0 1.9149e-139 6.17054e-27 8.55262e-09 1.98382e-24 2.45687e-24 2.07262e-55 5.37047e-59 6.84576e-35 4.95867e-14 7.18804e-27 6.58964e-51 0.00043822 5.8948e-85 3.09153e-23 5.48334e-20 1.49333e-26 5.11266e-181 1.07095e-39 1.73012e-15 1.00159e-14 5.54083e-128 1.20845e-25 4.7374e-157 3.5995e-42 1.08109e-61 3.56533e-27 7.25966e-150 2.76699e-76 1.56473e-99 3.03424e-44 1.10081e-53 1.62174e-54 2.5581e-12 0.116195 6.42843e-50 6.27642e-16 4.95313e-22 1.62146e-151 3.1511e-06 3.24481e-30 4.88071e-10 1.19789e-65 8.2347e-17 4.11799e-18 4.87468e-41 5.62682e-127 4.4078e-168 8.56452e-32 3.13618e-28 4.33735e-38 1.65338e-103 7.02707e-195 2.9905e-163 4.62224e-31 7.83648e-96 4.4191e-33 4.48516e-80 3.72971e-20 1.40846e-123 9.33402e-59 0.251138
# BF log relevances
0.277748 0.323793 0.324674 0.296222 0.318443 0.28975 0.305085 0.318903 0.303245 0.306527 0.274216 0.324006 0.263978 0.320728 0.265587 0.317781 0.322436 0.317234 0.261109 0.308011 0.293602 0.32211 0.0933047 0.279102 0.290913 0.3202 0.254612 0.257149 0.280765 0.285593 0.311306 0.318206 0.3208 0.322846 0.300029 0.321132 0.321431 0.322825 0.313669 0.303924 0.321145 0.288209 0.319043 0.323832 0.324684 0.20532 0.303834 0.3243 0.321594 0.265486 0.165848 0.274359 0.314942 0.325812 0.3233 0.246233 0.305203 0.320911 0.324785 0.222342 0.322009 0.3121 0.323752 0.32454 0.323869 0.229514 0.164928 0.324256 0.32039 0.287012 0.276513 0.316872 0.317427 0.324624 0.325136 0.308122 0.299792 0.302562 0.321762 0.322057 0.278439 0.295131 0.322873 0.310011 0.152007 0.114112 0.317152 0.324386 0.314414 0.263953 0.238131 0.233265 0.170202 0.29351 0.261369 0.277852 0.322815 0.28778 0.239284 0.0871972
# BF uncertainty weights
0.535028 0.158762 -0.0563653 0.442043 -0.109713 0.0262048 -0.344933 -0.128238 -0.0754431 -0.54006 -0.0949556 0.207455 -0.207874 0.30623 -0.112934 -0.272249 -0.0738675 -0.000671145 0.544944 -0.112874 0.436502 -0.213805 0.30347 0.272392 -0.043422 -0.21284 -0.120896 -0.0316336 -0.157018 -0.427173 -0.488145 0.335574 0.0110973 0.239184 -0.138036 0.0026111 0.248102 -0.40712 -0.27106 0.390786 -0.231578 0.268908 -0.238953 -0.287598 -0.314775 0.000763125 -0.0205898 -0.126033 -0.138306 -0.430382 -0.0197066 0.234097 0.291934 -0.231246 -0.104074 -0.147255 -0.296629 0.240553 0.533976 0.220839 -0.0918286 -0.1204 -0.33721 0.295392 0.13215 0.0889955 -0.0129884 -0.297497 0.399562 0.400295 -0.530558 -0.126976 0.262558 -0.0827717 -0.320911 -0.305083 0.0766971 0.231442 0.266685 -0.211486 0.288688 -0.265121 -0.00493302 0.354934 0.0680886 -0.324755 -0.26861 -0.347408 -0.268136 -0.0887436 0.0260408 0.00723387 0.00144286 0.0585835 0.555084 -0.116963 0.00519571 0.392385 -0.554651 0.0378223
# BF uncertainty log relevances
0.0347832 0.0364267 0.0370154 0.0333035 0.0345094 0.034383 0.0360766 0.0378758 0.0344541 0.0374049 0.0351946 0.0364853 0.0351229 0.0360164 0.0347039 0.0382961 0.0375734 0.0340773 0.0330809 0.0367037 0.0351233 0.0380813 0.0337942 0.0339593 0.0345742 0.0381485 0.0350521 0.0342949 0.0351593 0.0375967 0.0370993 0.0346066 0.0371465 0.0363809 0.0375675 0.0373494 0.0358946 0.0365263 0.0382828 0.0334175 0.0380973 0.0336891 0.0377136 0.0383494 0.0384337 0.034213 0.0352863 0.0371989 0.0378165 0.0366445 0.03445 0.0337864 0.0358973 0.0379473 0.0377059 0.0351689 0.0360358 0.0364236 0.034333 0.0338275 0.037647 0.0376123 0.0384921 0.033723 0.0367878 0.0338027 0.0343782 0.0349449 0.0334113 0.0334222 0.0374073 0.0378175 0.0357882 0.0349899 0.0366095 0.0359683 0.0337599 0.0356981 0.0362074 0.0381359 0.0336439 0.0353126 0.0373717 0.0335867 0.0343204 0.0351233 0.0375261 0.0385102 0.0378256 0.0346345 0.0339821 0.0341445 0.0342431 0.034541 0.0332292 0.0346712 0.0373276 0.0333863 0.0373381 0.035443
# log uncertainty constant
-0.529753
# BF inverse covariance
0.619 -0.0419926 -0.0112766 0.00351 -0.00822354 0.00674842 0.0171066 0.0100324 0.0112105 -0.0236093 -0.00532072 -0.0315795 0.00219826 -0.0589846 0.0234023 0.0233431 -0.00230965 -0.0102493 0.0209825 0.0401587 -0.110677 0.0127137 -0.00564436 0.00338656 0.0154033 0.0162862 -0.00854802 -0.00634169 0.00183591 -0.0602731 0.00678354 -0.0200572 -0.0193282 -0.0358883 -0.0150822 -0.00888233 -0.0415666 0.0173663 0.0160505 0.00128549 0.0144755 -0.00705922 -0.0178444 0.0205883 0.0255799 0.00468875 -0.0468938 -0.0125013 0.00536273 0.0116363 -0.00712701 0.00437188 -0.0733372 0.0071037 0.000554026 -0.00797574 0.021386 -0.0323727 -0.0714251 -0.0133994 0.00035719 -0.0145553 0.0273779 0.000753951 -0.0196032 0.0149788 0.0168764 -0.00805444 -0.0133644 0.00335543 -0.0165143 0.00542078 -0.0330279 -0.00336466 -0.00414611 -0.000360126 -0.00202941 -0.00830155 -0.0385007 0.014754 -0.0005873 0.0118352 -0.00344736 -0.00575537 -0.00284941 0.0014486 -0.0385652 0.0266759 -0.0210651 -0.00297217 -0.00239201 -0.0047041 0.0142319 -0.00678964 -0.0133871 -0.00132091 -0.00421162 -0.0132995 0.0196052 0.00294594
-0.0419926 0.653606 -0.0579875 -0.00241393 0.0106835 -0.0119238 -0.0212005 0.00130382 0.00217626 0.000580529 -0.00825729 -0.0217954 0.00821207 -0.0309515 0.0122798 0.00259678 -0.0288975 0.00345173 -0.0010341 0.0132795 -0.0511133 -0.00272927 0.00105951 -0.00592972 0.0122818 4.1793e-05 0.0010423 -0.00323574 -0.00452729 0.0232156 0.000607369 -0.0151118 -0.00380371 -0.022379 -0.00251911 -0.0278952 -0.042482 -0.00850959 0.0168529 0.00243761 -0.0256365 -0.00898033 -0.0461532 0.00850533 0.0311599 0.00526441 0.0180562 -0.0627281 -0.0308626 0.00129045 0.000296926 0.00791176 -0.0645293 -0.0236306 -0.0164178 -0.00484687 -0.014678 -0.0197442 -0.0180101 0.00603121 -0.035662 -0.00744495 0.0259844 -0.00279503 -0.00675707 0.0121304 -0.0100827 -0.00626551 0.0165262 -0.00133499 0.00652109 -0.0248573 -0.0270827 -0.0079502 -0.00300107 -0.0188615 0.00788565 -0.0212299 -0.0186888 0.000578183 7.41824e-05 -0.00554205 0.00836214 0.0177803 -0.00571246 0.00657862 -0.00401084 0.0144229 -0.0336409 0.0114269 -0.00922624 -0.0042094 -0.000494293 -0.00491711 0.0159449 -0.0054237 0.0087819 0.00181766 -0.00578241 -0.00119819
-0.0112766 -0.0579875 0.619491 -0.00151928 0.00568207 -0.0022643 -0.0151046 0.0170408 0.00810287 0.00143768 -0.00973629 0.0093935 0.00569851 -0.0097225 -0.0155692 -0.0477498 -0.00675246 0.000873653 0.00396029 -0.0683581 -0.0250028 -0.000199723 0.00598925 -0.00108825 0.00431458 -0.00213413 0.0065786 0.00115702 -0.00316958 0.0264283 0.0057188 -0.011117 0.00548301 0.00511579 -0.0100019 -0.00408646 -0.0642477 -0.0311405 0.0028705 0.002754 -0.0521805 -0.00942866 -0.0343082 -0.00252295 0.014161 -0.00206971 0.0207222 -0.103581 -0.0167831 0.0185915 0.000504622 0.006226 -0.0331911 -0.0494103 0.000812517 -0.00205592 -0.00966411 0.00545164 -0.0205234 0.00459972 -0.0168466 -0.00740857 0.00917973 0.000222837 0.0180907 -0.000581326 -0.00793561 -0.000521747 0.020304 0.000475351 0.0182101 -0.0336075 -0.0621961 -0.00331 -0.0373431 -0.0232277 0.0141945 -0.0302344 0.0152556 0.00164477 0.00355309 -0.00532097 0.0274202 0.0249159 -0.00663616 0.00397305 -0.0294912 -0.00776754 -0.00951859 0.00654613 -0.00226873 -0.00685067 -0.00525312 0.00381701 0.0147981 0.00246897 0.0269054 0.00408635 -0.0115888 0.000298578
0.00351 -0.00241393 -0.00151928 0.604387 -0.0102913 -0.0369085 -0.00375802 -0.00317371 -0.00429654 0.00428274 -0.0213905 0.00206805 0.0148814 -0.00127518 0.0283786 -0.00226795 -0.00423928 -0.0241954 0.0198943 -0.0170161 0.00659412 -0.00150663 0.0227385 0.00949666 -0.00320355 -0.00300764 -0.000252191 0.0124332 0.00324135 0.0229043 -0.0233446 0.000679988 0.00666578 0.000982583 0.0105112 -0.00358624 -0.00279542 0.0107122 -0.0229461 -0.0996828 -0.00130055 -0.077027 0.00590544 0.00141317 0.00211327 0.0257538 0.00479511 0.000539968 -0.00418554 0.000259203 0.00330871 -0.0207589 0.000653729 0.00663111 -0.00329426 -0.00282937 -0.016429 0.000604345 0.00589457 0.0460406 -0.00460937 0.00401454 0.00472486 -0.0881739 0.00312658 -0.0310373 -0.0123111 -0.00589127 -0.0243673 -0.125248 0.0127721 -0.0030537 -0.00331678 -0.0359938 0.0103189 0.0112614 0.0108661 -0.000219329 0.00415431 -0.0023167 -0.0858305 0.0109412 0.0018477 -0.0268007 0.0114439 -0.0104491 0.0114509 0.00593265 0.00561843 0.00762086 -0.00942054 0.00400632 0.027465 -0.0247393 -0.00956916 0.0137422 0.00259634 -0.0702684 0.00446363 0.00098673
-0.00822354 0.0106835 0.00568207 -0.0102913 0.542078 0.0242324 -0.030655 -0.0145935 0.00874408 0.0154435 0.00480691 -0.00809248 -0.0120944 -0.00826811 0.0107801 -0.0165247 0.0131384 -0.1464 0.0143049 -0.0141296 -0.00838596 0.0140965 -0.020618 0.00447326 -0.0809003 -0.00990589 0.00891796 0.00493661 -0.00339836 0.0119905 0.00852074 0.0359788 -0.00824315 -0.0111519 -0.00907589 0.00209838 0.00221375 -0.00128628 -0.00650635 -0.00473053 0.00340888 0.0146453 0.0168812 0.00817377 0.0118963 -0.00329624 -0.0157051 0.00968451 0.010034 0.000827159 0.0162117 0.00680562 0.00528942 0.00593821 0.0107477 0.0240735 -0.0114142 -0.0140236 0.00631614 -0.00406191 0.0107462 0.00126544 0.0157071 -0.0297023 -0.0109723 0.0147687 0.0208164 -0.0585726 -0.0531901 -0.0120199 0.011186 -0.00746451 -0.00422391 -0.0666953 0.00526747 0.00440409 0.0205196 -0.0138569 -0.0151339 -0.00343583 -0.0035076 -0.0495602 -0.0114387 -0.0328991 0.000849301 -0.0190404 -0.00339766 0.0101902 0.0170278 -0.0987932 0.027295 0.027448 -0.0701215 -0.0189601 -0.00193121 -0.0175009 -0.012392 -0.00346728 -0.00489364 0.00364078
0.00674842 -0.0119238 -0.0022643 -0.0369085 0.0242324 0.624536 -0.00961309 0.00290703 -0.0932746 0.00361433 0.0182648 -0.0118943 -0.000464567 -0.00336673 -0.0278863 0.00752505 -0.00245532 0.0168435 -0.0278462 0.0312061 -0.00088397 0.0104443 -0.0377783 -0.00451889 -0.0194682 0.00665726 0.0177308 -0.0112545 0.00651066 -0.0085853 -0.00507652 -0.0466 -0.0145056 -0.00822927 0.00563883 -0.00486198 -0.00503384 -0.0256274 -0.000293969 -0.0505557 0.00373336 0.0115831 -0.00732079 0.0140411 0.00751095 -0.015788 0.0285524 -0.00626674 0.00355367 -0.000968102 0.00281892 -0.0497692 -0.0133688 -0.00189145 0.00133771 0.0105136 -0.00932434 -0.0077497 -0.01544 0.00152175 -0.000525197 -0.0152713 0.0127638 -0.052909 -0.0108617 -0.0584042 -0.00487923 0.000139887 -0.0396728 -0.0330095 0.00366433 -0.00202983 0.00161223 -0.016647 -0.0167622 -0.00879441 0.00433464 0.0175659 -0.0116394 0.00859448 -0.0166537 -0.00597275 -0.00372385 -0.0543146 0.00709522 -0.0255025 -0.00147214 0.00997106 -0.00861652 0.0387605 -0.083886 -0.0489524 -0.00986259 -0.0230232 0.0319152 0.00663796 -0.00501321 0.00303448 -0.0177412 0.00196789
0.0171066 -0.0212005 -0.0151046 -0.00375802 -0.030655 -0.00961309 0.580495 0.019582 0.00442167 -0.0299917 -0.00132971 0.00117169 -0.0470541 0.0250031 -0.0243095 0.0231071 -0.0187996 -0.0231596 -0.00696806 0.0362304 -0.00527084 -0.0126573 0.00663868 0.00975044 -0.0336281 0.0141579 0.000902189 0.0119869 -0.0534378 0.020422 -0.0614388 -0.0184251 -0.00829512 0.0147813 0.00546568 -0.00320304 0.0112375 -0.0243421 0.0131564 0.00738199 -0.0080286 -0.015484 -0.0220663 -0.0040093 -0.00281312 0.0178743 0.0310262 -0.024663 -0.0161952 0.0103022 0.0288805 -0.000354493 -0.0197346 -0.00995053 -0.0127836 0.00477382 -0.140111 0.0241875 0.0268233 -0.000673183 -0.0175478 -0.00795415 -0.00687696 -0.00115364 0.00451895 0.00868346 0.0363002 -0.0240138 -0.00733934 -0.0065721 -0.00457827 0.00637705 0.0247097 -0.0503499 -0.00347311 -0.0405973 0.00413234 -0.0064589 0.00524592 0.00733869 -0.0102667 -0.0814186 0.0142771 -0.00820645 -0.0169484 0.0174579 0.0160978 -0.00645382 -0.00752561 -0.0605514 0.00889524 0.0201876 0.00369388 -0.0216637 0.0363574 0.000306527 0.0142032 0.00177219 -0.0243848 -0.00278184
0.0100324 0.00130382 0.0170408 -0.00317371 -0.0145935 0.00290703 0.019582 0.645133 -0.00269103 0.00875853 -0.00553994 -0.0287209 -0.0113048 -0.0199251 0.0158221 -0.0603738 -0.0169781 -0.00451458 0.00494987 0.0056556 0.0155292 -0.0130852 -0.00773568 0.00383986 0.00019684 -0.0704696 -0.0052077 -0.00584534 -0.00590836 -0.000707451 -0.0033024 0.0194974 -0.0023174 -0.0344135 0.00238594 -0.045579 -0.0020307 0.0103995 0.0138577 -0.00286133 -0.031419 0.0047445 0.0127979 -0.0304452 -0.00249956 -0.00509261 -0.00780265 0.0232629 -0.0259492 -0.0098983 0.00360552 0.000539847 0.00669954 -0.00404637 -0.0210525 0.00131309 0.0156436 -0.0502516 0.00335561 0.0037719 -0.0252323 0.0129875 -0.00821139 -0.00283804 -0.0318184 -0.0121751 -0.00706142 0.00723275 -0.00907912 -0.00469643 -0.0128341 -0.0577217 -0.00501414 0.0124433 0.017125 0.0200997 -0.00514243 -0.00320639 -0.0295896 -0.0569743 -0.00397723 -0.00681489 -0.0508218 -0.0106105 0.00543099 -0.00185829 0.00996423 -0.0249377 0.00814619 0.0215604 -0.00185202 0.0015363 -0.0017177 0.0184831 0.000383937 -0.002378 -0.0478869 0.00100114 -0.00512179 0.00123661
0.0112105 0.00217626 0.00810287 -0.00429654 0.00874408 -0.0932746 0.00442167 -0.00269103 0.597334 0.014865 0.026543 -0.00792122 -0.00759316 0.00372109 -0.0553113 -0.00625378 0.00123927 0.0213574 -0.0404371 0.0117153 -0.0051648 0.0109946 -0.0559434 -0.0213595 -0.0241984 -0.00211878 0.000790934 -0.0135835 0.000819775 -0.00874754 0.0212947 -0.0420965 -0.0246405 -0.00333682 -0.00180266 -0.00336742 -0.00089574 -0.0334863 0.0152849 -0.0374737 0.00102428 0.00733946 0.0115221 0.0101924 0.0119404 -0.0304098 0.0150173 0.0116115 0.0047084 0.00749616 0.011895 -0.0866114 -0.00332742 0.00223681 0.0031828 0.000381241 0.0130526 -0.00273335 -0.00730933 -0.0545196 0.00208883 -0.0295357 0.0134617 -0.0296436 -0.00758454 0.0231697 -0.00330987 0.00137424 -0.042391 -0.001389 0.00216658 -0.0100403 -0.00124378 -0.023065 -0.0191789 -0.0272113 0.0303131 0.0153133 -0.00851577 0.0021895 0.00686903 -0.0215481 0.000447441 -0.0560897 0.0151901 -0.0569028 0.00220031 0.00804816 0.00254517 0.0350086 -0.0197536 -0.0226023 -0.0237591 -0.0111036 0.0294378 -0.0465972 -0.00095742 -0.0202335 -0.00858107 0.00271839
-0.0236093 0.000580529 0.00143768 0.00428274 0.0154435 0.00361433 -0.0299917 0.00875853 0.014865 0.627134 -0.00775649 0.00528351 0.0229707 0.0125519 -0.0061267 0.0173973 -0.00910609 0.00685245 0.00935962 -0.00302117 -0.0198674 -0.0116084 -0.0192605 -0.0143775 -0.00201584 0.00399349 -0.0006987 -0.00234341 -0.00668695 -0.0998414 -0.076461 -0.019309 -0.00816433 0.0135311 0.00248165 0.00278854 0.00795906 -0.0385199 0.0133058 0.00544825 0.000421251 -0.0112593 0.000911766 -0.0104995 -0.000959119 -0.00097082 -0.0823183 -0.00621876 -0.00772957 -0.00369824 0.0149641 0.0169082 -0.0072614 0.00541278 -0.00931996 -0.0100694 -0.0353906 0.0217715 -0.0112653 0.00783662 -0.00658962 -0.00711998 -0.00652637 -0.000626916 0.00330593 -0.0113504 -0.0186137 -0.000665477 0.002147 -0.00148257 -0.110737 0.0120865 0.0128368 -0.0127694 -0.055977 -0.0583702 0.00531581 -0.00607175 0.00705701 -0.00248411 -0.0137722 0.0181519 0.00380052 0.00421216 -0.00107285 0.014915 -0.0241436 -0.00839964 0.0102076 -0.0212692 -0.00202553 -0.00519468 0.0269012 -0.00489738 -0.00346667 0.00585486 0.00403433 0.00878508 -0.0290868 0.00585824
-0.00532072 -0.00825729 -0.00973629 -0.0213905 0.00480691 0.0182648 -0.00132971 -0.00553994 0.026543 -0.00775649 0.37251 0.00226404 -0.040315 -0.0157604 0.0105496 -0.00287665 0.00452314 0.00282134 -0.0884538 -0.0142124 -0.00595171 0.00596745 -0.0549679 -0.13535 0.0278756 -0.00640278 -0.0164075 -0.000609484 -0.01903 0.0625221 -0.03858 0.0218065 0.00407353 -0.00538158 -0.00552351 0.00254125 -0.00441274 0.00209344 -0.00343068 -0.00323093 0.00879718 -0.0437699 -0.000352485 0.00388992 0.000795434 -0.00592185 -0.0334116 -0.00661718 0.00453563 0.00534311 -0.0158722 0.0212168 -0.00817773 -0.0065396 0.00341997 -0.0121041 0.00613339 0.000960663 0.0410387 0.0599665 0.00428731 -0.00110615 0.00517432 0.0122512 0.0014037 -0.0218307 -0.00133531 -0.00575981 0.0377649 -0.023479 0.00844748 -0.000712062 -0.000557995 0.00929877 0.00600503 -0.0608964 -0.00655912 -0.0123655 0.00435925 -0.00441114 -0.0151337 -0.0402364 0.000664146 0.0307106 -0.0173839 0.00584631 -0.00877443 0.00573493 -0.0108605 0.0350209 -0.000773663 0.0113994 0.0137743 0.00516556 -0.111003 0.0069973 -0.00118212 0.000226725 -0.071397 -0.00249697
-0.0315795 -0.0217954 0.0093935 0.00206805 -0.00809248 -0.0118943 0.00117169 -0.0287209 -0.00792122 0.00528351 0.00226404 0.669235 -0.0024727 -0.0419733 0.0113395 0.0274244 -0.0333808 -0.00159963 -0.00320683 0.0120632 -0.0298454 -0.0193271 -0.000838357 0.00106431 -0.000466468 -0.00915313 0.000787212 -0.00227115 -0.00228735 0.00731908 0.00311024 0.00164082 -0.0284873 -0.0522132 0.0109999 -0.0331377 -0.00272776 0.000330181 0.0134965 -0.00158697 0.0140191 0.004892 -0.0200763 -0.00478761 -0.00106018 0.00240478 -0.00164593 0.00706671 -0.0221531 -0.00874908 -0.00106484 0.000148474 -0.0364607 -0.00293218 -0.0318153 0.00170194 0.00291858 -0.0493814 -0.0131979 0.00126136 -0.0259801 -0.00468596 -0.00218931 -0.00351629 -0.0526276 0.0083095 0.0017307 0.00397449 -0.0147097 0.00239038 0.00165467 -0.000455949 0.00281423 0.00209864 0.0046594 0.00573053 0.00217924 0.0128091 -0.0599773 -0.0143309 0.00242656 -0.00345611 -0.0477344 -0.0148199 -0.000174171 -0.00095972 0.00109073 0.00459745 -0.0250212 0.00516283 -0.0150225 -0.0031224 -0.00287945 0.00667086 -0.00430515 -0.00108773 -0.0483342 0.000733271 -0.000474708 0.000378472
0.00219826 0.00821207 0.00569851 0.0148814 -0.0120944 -0.000464567 -0.0470541 -0.0113048 -0.00759316 0.0229707 -0.040315 -0.0024727 0.47275 -0.00963803 0.0347278 -0.017737 0.0132173 0.00948299 0.0196072 -0.00473902 0.00868665 0.0100229 0.00255677 -0.019175 -0.0194438 -0.00526361 -0.0666664 -0.00919039 -0.0916192 0.0265515 -0.0129485 0.00144495 0.00766286 -0.00835686 -0.0001685 -0.00023174 -0.00370257 0.00788734 -0.0107856 0.0113831 0.00266662 0.00764199 0.00194491 0.00544775 -0.00373424 -0.0130313 0.00390916 0.0129955 0.0132122 0.00571251 -0.111339 -0.0190996 0.00917362 -0.000128623 0.00953571 -0.0394193 -0.034662 -0.0147816 0.00807329 -0.0292099 0.0126302 0.00650231 0.000931031 0.00912059 -0.00271099 -0.00444295 0.0395171 0.0126616 -0.0126024 0.0218834 0.0398146 -0.00597431 -0.00883951 0.0103372 0.0167788 -0.033544 -0.00672173 -0.026581 -0.00417528 -0.000413653 0.0439068 -0.179213 -0.00910298 -0.00645729 0.0273766 -0.0022501 -0.00254548 0.00384037 -0.00462563 -0.0525183 -0.011842 -0.0213081 0.0280317 0.0044047 0.0618505 0.00554616 -0.00813643 0.00917927 0.000293854 0.00125002
-0.0589846 -0.0309515 -0.0097225 -0.00127518 -0.00826811 -0.00336673 0.0250031 -0.0199251 0.00372109 0.0125519 -0.0157604 -0.0419733 -0.00963803 0.644444 -0.000514245 -0.000675931 0.00384678 -0.00365581 0.0116192 0.0153229 -0.041244 0.0149141 -0.000998438 0.00598895 -0.00476646 -0.00602448 -0.00766899 0.000141519 -0.00193233 -0.0145697 0.00110868 0.0204729 0.00379308 -0.0625147 -0.00122957 -0.0181514 -0.0326407 0.0114846 0.00162317 -0.00179173 0.0143978 -0.00384618 -0.052973 0.0158875 0.0112103 0.00232004 -0.00602312 -0.00863329 0.00826451 -0.00604284 0.00686387 0.00668523 -0.0400472 -0.0265353 0.00347807 -0.00653145 0.0163655 -0.0668251 -0.0423546 0.0048931 0.00409082 0.0128433 0.0168264 -0.00486349 -0.0341938 -0.00622275 -0.00794207 0.0052397 -0.0130101 -0.00230172 0.0137782 -0.00844657 -0.0294273 0.00805121 0.00808323 0.0265436 -4.44937e-05 0.0195598 -0.0462691 -0.000907975 -0.00547342 0.000289769 -0.0254965 -0.0131531 -0.0024241 0.00195766 -0.0505852 0.0163355 -0.0720589 -0.00121567 -0.00538819 0.00262747 -0.00375736 0.00298207 -0.0130475 0.00256412 -0.0276447 0.00225396 0.00320534 -0.00112351
0.0234023 0.0122798 -0.0155692 0.0283786 0.0107801 -0.0278863 -0.0243095 0.0158221 -0.0553113 -0.0061267 0.0105496 0.0113395 0.0347278 -0.000514245 0.406892 -0.0371379 0.0250012 0.0420306 -0.0103635 0.00674971 0.0203354 0.0053448 -0.0569972 0.0137457 -0.00792308 0.00367137 -0.0210567 -0.0598918 -0.0238349 -0.0159861 -0.000412911 0.0175015 0.00833704 0.00308036 -0.0105927 0.0253256 0.00564267 -0.0618368 0.0320071 0.00764247 -0.0160989 0.0343521 -0.0273473 -0.0126717 -0.0253978 0.00121361 0.00258352 -0.0231433 0.021879 -0.00200447 -0.00316862 0.00726361 0.0186344 -0.061838 0.0216455 -0.0278278 -0.0219047 0.00240558 -0.00459036 -0.0206132 0.0254343 -0.00546861 -0.0304244 -0.00269719 0.00785635 -0.0107954 0.00926045 -0.0116921 0.00408175 0.00332184 0.0118116 0.00609867 0.00104503 -0.0330358 -0.0379954 0.0258989 -0.0920104 0.02778 0.0123263 0.0065605 -0.0710384 0.0128775 0.0124846 -0.00625833 -0.0151212 0.0150556 -0.0563777 -0.0425525 -0.00968162 0.0221587 0.0177254 0.0338245 0.0215494 -0.0255566 0.00341536 -0.112115 0.00907613 -0.00584094 0.0175 -0.00925132
0.0233431 0.00259678 -0.0477498 -0.00226795 -0.0165247 0.00752505 0.0231071 -0.0603738 -0.00625378 0.0173973 -0.00287665 0.0274244 -0.017737 -0.000675931 -0.0371379 0.502443 0.0341079 -0.00951953 0.000927648 -0.00555608 0.0170409 0.0178784 -0.00114313 5.72028e-05 -0.00863953 -0.100783 0.000378977 0.00773835 0.00357119 0.0126055 0.0104859 0.0059379 0.043028 0.00672236 -0.00803143 -0.0152002 -0.0370078 0.0203735 -0.00365747 -0.00562775 -0.128222 0.00359591 0.0277024 -0.0477025 -0.00644997 -0.00488647 -0.00417448 -0.0293425 -0.00297904 0.00703343 0.00119912 -0.0106749 0.0302733 -0.0714609 0.0292957 0.00645649 0.0224792 -0.0171981 -0.0119856 0.000836646 0.0041533 0.0240761 -0.016925 0.00125054 0.0298118 -0.00998074 0.00822536 0.00330114 -0.0223764 0.000731589 -0.00317592 -0.124652 -0.0457224 0.00635491 0.00865466 0.0134385 -0.00303465 0.0128726 0.0356279 -0.063663 0.0105236 -0.00735273 0.0189852 -0.0216316 0.011034 -0.0114181 -0.0268848 -0.0782799 0.0340066 0.000840906 0.0182239 0.00475649 0.00423519 -0.00865621 -0.00961017 0.014128 0.0194695 -0.00165413 -0.0204052 0.00206274
-0.00230965 -0.0288975 -0.00675246 -0.00423928 0.0131384 -0.00245532 -0.0187996 -0.0169781 0.00123927 -0.00910609 0.00452314 -0.0333808 0.0132173 0.00384678 0.0250012 0.0341079 0.655163 0.00672921 -0.00218767 0.000422581 -0.0178356 -0.0577061 0.000887132 -0.00876494 0.00534869 -0.0116274 0.000373029 -0.00505262 -0.00024511 0.0214066 -0.00361997 -0.0129426 -0.037847 -0.0146596 0.0155021 -0.0395282 0.00985598 -0.00715062 0.0145715 0.00165921 -0.0156741 -0.00349962 -0.0120717 -0.0342943 -0.0154757 0.0021835 0.00598752 -0.0125575 -0.0618493 0.000658029 0.000708525 0.0021565 -0.0329881 0.00229464 -0.0621829 -0.00358378 -0.0144486 -0.00325958 0.0186087 8.23587e-05 -0.0627743 -0.0201498 -0.0273114 0.00146134 -0.0333049 0.015869 -0.00362049 -0.00794407 0.0181861 -0.00349064 -0.00411343 -0.00450718 0.0204225 -0.00636237 -0.000715694 -0.026824 -0.0022767 -0.0126252 -0.0314203 -0.0264583 -0.00361335 3.23782e-06 -0.030019 0.0187207 -0.00323498 0.00320542 0.0334561 -0.0187641 -0.00200054 0.00231642 -0.00676079 -0.00356657 0.00184056 -0.00374164 0.0117976 -0.0119976 -0.0284396 -0.00325435 0.00229595 2.09169e-05
-0.0102493 0.00345173 0.000873653 -0.0241954 -0.1464 0.0168435 -0.0231596 -0.00451458 0.0213574 0.00685245 0.00282134 -0.00159963 0.00948299 -0.00365581 0.0420306 -0.00951953 0.00672921 0.558819 0.0133194 -0.00736937 -0.00752555 0.00863083 -0.0322799 0.00421991 -0.0337435 -0.00395969 0.00814691 -0.00754484 0.0073466 0.00574229 -0.00175966 0.02422 0.00576016 -0.0032125 0.00392815 0.00142618 0.00218745 0.00109622 -0.0337582 -0.00295512 -0.00366419 -0.0118165 0.00189404 0.00456864 0.00702692 -0.0206749 -0.0114931 0.00267097 0.00279298 -0.00161116 0.000761161 0.0178876 0.00071768 0.00378546 0.00718618 0.0120557 -0.012591 -0.00415588 0.00629039 0.00908215 0.00333671 0.0125139 0.00985804 -0.0376361 -0.00116616 0.0137245 0.0304379 -0.0953565 -0.0320858 -0.0166533 0.00669989 -0.00498851 -0.00024078 -0.0722006 0.00718858 0.00628897 -0.00675602 -0.00695041 -0.00511387 -0.000339375 0.00692509 -0.0141477 0.00115796 -0.0136085 0.00990367 -0.000381679 -2.31601e-05 0.0050758 -0.00309792 -0.0608796 -0.0040913 -0.00950509 -0.0961964 -0.0718857 -0.0149634 -0.0214475 0.000896692 0.00859375 -0.000938406 0.00520966
0.0209825 -0.0010341 0.00396029 0.0198943 0.0143049 -0.0278462 -0.00696806 0.00494987 -0.0404371 0.00935962 -0.0884538 -0.00320683 0.0196072 0.0116192 -0.0103635 0.000927648 -0.00218767 0.0133194 0.508185 0.012308 0.00379317 0.000393393 0.00126387 -0.179763 -0.0187249 0.00694501 0.0329118 0.00556839 0.0200274 0.0369352 0.00952794 -0.0582568 0.00125979 0.00152236 0.00991502 -0.00361659 0.000817887 -0.0239867 -0.00753072 0.00378486 -0.00513326 0.0183167 -0.00732759 0.00312875 -0.00704636 0.00946089 -0.0209348 0.00596271 -0.000809273 0.027552 0.0069749 -0.0315205 -0.000171259 -0.00600504 0.000593556 0.0348282 -0.00357461 -0.00278927 -0.0171857 -0.0221151 -0.00245868 0.000640786 -0.00595315 0.00133317 0.00042157 0.0258444 -0.000298857 0.000961262 -0.0434306 0.0270487 0.0263929 -0.00432611 0.000737534 -0.00417052 -0.020013 -0.0550548 -0.00442766 0.0394263 -0.00285611 0.0074684 0.0375392 0.0029707 0.00501379 -0.0477698 -0.00378416 0.0313613 0.0148104 -0.00233983 -0.00690067 0.012356 0.00117743 -0.000361016 -0.00584303 -0.0166518 -0.129722 0.00194154 0.00587648 0.00726326 0.0351789 -0.0128507
0.0401587 0.0132795 -0.0683581 -0.0170161 -0.0141296 0.0312061 0.0362304 0.0056556 0.0117153 -0.00302117 -0.0142124 0.0120632 -0.00473902 0.0153229 0.00674971 -0.00555608 0.000422581 -0.00736937 0.012308 0.281802 0.041519 -0.0150357 0.00117408 0.0049884 -0.0316561 0.00544495 0.00877732 -0.00781421 0.0123246 -0.0246056 0.0114562 -0.00444599 0.0015661 0.0128896 0.00399114 0.0146036 -0.0434664 -0.0679704 -0.00344289 -0.00634049 0.00495363 0.00969085 0.00147388 -0.00881857 -0.0116996 -0.0144763 -0.0127594 -0.0585123 0.00188552 -0.0595136 0.0111227 -0.0148145 0.0347937 -0.00597294 -0.00622773 0.028748 0.0255697 0.0174722 -0.000894664 -0.00733558 0.00636891 0.0113439 -0.0124965 0.0101945 0.000862341 -0.0157187 0.00504107 0.00240243 0.0188908 -0.0124602 0.0235989 0.0166432 -0.0855516 0.0204909 -0.104047 -0.0218798 -0.00239928 -0.0204795 0.0110835 -0.00243492 0.00564981 0.00534133 -0.0133791 0.017054 0.0127379 -0.0109655 -0.026233 -0.000701548 0.00246082 -0.0106243 0.000849267 -0.00160068 -0.00675241 0.0317639 -0.0219986 -0.00823744 -0.0130312 -0.0231011 0.0289039 0.00660597
-0.110677 -0.0511133 -0.0250028 0.00659412 -0.00838596 -0.00088397 -0.00527084 0.0155292 -0.0051648 -0.0198674 -0.00595171 -0.0298454 0.00868665 -0.041244 0.0203354 0.0170409 -0.0178356 -0.00752555 0.00379317 0.041519 0.632084 0.0028532 -0.008364 -0.0067007 0.00518683 0.0110334 -0.00117597 -0.0026465 0.00299058 -0.0250691 0.0161256 -0.0320595 -0.0252156 -0.0271333 -0.00664168 -0.0128958 -0.0329978 0.0115073 0.0253631 0.00040152 -0.00235735 -0.000592391 -0.016204 0.0114949 0.03097 0.00384569 -0.0231348 -0.0275499 -0.0127365 0.0120855 -0.00661251 -0.00792435 -0.0806379 -0.00724769 -0.00978676 0.000419023 0.011195 -0.0147573 -0.0425489 -0.0142567 -0.0170669 -0.023805 0.0259898 0.00744657 -0.015963 0.0232324 0.0182947 -0.0144877 -0.0106077 0.00703885 -0.00859035 -0.00474301 -0.01884 -0.0136728 -0.0072043 -0.032266 0.0033029 -0.00143238 -0.0332574 0.00820636 0.00881734 0.00385639 0.0109754 -0.00471567 0.00702538 -0.00267243 -0.0210223 0.0162853 -0.0162125 -0.00663071 -0.00732191 -0.00379928 0.029299 -0.0224529 0.00374726 0.00578251 0.00845349 -0.0154597 0.0109997 0.000473936
0.0127137 -0.00272927 -0.000199723 -0.00150663 0.0140965 0.0104443 -0.0126573 -0.0130852 0.0109946 -0.0116084 0.00596745 -0.0193271 0.0100229 0.0149141 0.0053448 0.0178784 -0.0577061 0.00863083 0.000393393 -0.0150357 0.0028532 0.656123 0.00439709 -0.0050781 0.000644069 -0.0133924 0.00119137 0.00082085 0.0016271 0.00773579 -0.00591295 -0.00515155 -0.0425013 -0.00192585 0.00268782 -0.0243961 0.0153616 -0.00812932 -0.0140816 0.00359718 -0.0170546 -0.00431734 -0.00382931 -0.051596 -0.053957 0.000732601 -0.00268515 -0.00393542 -0.0504857 0.0063579 -0.00153803 0.00188301 -0.00381846 -0.00518656 -0.0584294 -0.00211169 -0.0136805 0.00778086 0.0154757 -0.0038753 -0.0475419 -0.0292174 -0.0619667 0.00462366 -0.0277176 0.00499499 0.00145136 -0.00375424 0.0200422 -0.00304747 -0.00117816 0.00281773 0.0165933 -0.00456041 -0.00798258 -0.0155633 -0.00799191 -0.00757834 -0.0169339 -0.0300402 -0.00923821 0.00536904 -0.0323879 0.0213848 -0.00486229 0.00368769 0.0168157 -0.0433547 0.00560214 -0.00766959 0.00813059 0.00266414 -0.00217217 -0.00523597 0.00228057 -0.00650787 -0.0312357 -0.00323221 0.00687171 -0.000313121
-0.00564436 0.00105951 0.00598925 0.0227385 -0.020618 -0.0377783 0.00663868 -0.00773568 -0.0559434 -0.0192605 -0.0549679 -0.000838357 0.00255677 -0.000998438 -0.0569972 -0.00114313 0.000887132 -0.0322799 0.00126387 0.00117408 -0.008364 0.00439709 0.197119 -0.00180324 0.0105343 -0.00977877 0.00225366 0.0316757 0.00639262 -0.0161346 -0.0162158 -0.00712851 -0.0107004 -0.000483339 0.00147764 -0.000707973 0.00566396 0.0277655 -0.00767397 0.0111338 0.00646799 0.0353956 0.00570912 0.000672266 0.00259488 -0.0375514 -0.00165348 0.00670801 0.000408554 0.00278193 -0.0236915 0.00830327 -0.00485316 0.00490179 9.38272e-05 0.00223613 0.0190313 0.00618273 0.0248769 0.0183288 0.000498727 -0.00916133 0.00641469 0.0195343 -0.00323903 -0.0483016 0.0256151 -0.0142634 0.0381788 0.00881192 -0.00456009 -0.00370414 0.00892371 0.00381057 0.00954439 -0.0113851 0.0841446 -0.00511436 -0.00103493 -0.00803776 -0.0232083 0.0259757 -0.00187987 0.0301825 -0.0951595 0.0400487 -0.00337802 0.00333216 -0.0130296 -0.000354132 -0.00626811 0.0131934 -0.0941813 0.0133635 -0.00913406 -0.0236984 -0.00354192 0.0416507 0.02621 0.00390382
0.00338656 -0.00592972 -0.00108825 0.00949666 0.00447326 -0.00451889 0.00975044 0.00383986 -0.0213595 -0.0143775 -0.13535 0.00106431 -0.019175 0.00598895 0.0137457 5.72028e-05 -0.00876494 0.00421991 -0.179763 0.0049884 -0.0067007 -0.0050781 -0.00180324 0.55857 -0.010536 0.00385454 0.0307901 -0.00589017 0.0236755 0.0349697 -0.00933142 -0.027039 -0.000224984 0.00427408 0.00369864 -0.0054603 0.00295727 -0.0220399 0.0019845 0.00961517 -0.00844337 -0.0225211 0.00168334 0.000169801 0.0016436 -0.000277009 -0.0638679 0.00209106 -0.00832283 -0.0126921 0.00330769 -0.0218271 -0.00527109 0.00216908 -0.00593294 0.0340891 0.0129333 0.0033609 0.000671361 -0.0264366 -0.00951516 -0.00259448 -0.00012352 0.00334988 0.00467222 0.0278371 -0.0309137 -0.0105315 -0.0162183 0.0168567 -0.0017197 -0.00349495 0.00768926 -0.00618218 -0.0211637 -0.102738 -0.00415859 0.0112331 0.0033919 0.0026525 0.0287144 -0.0309273 0.00598404 -0.00896705 0.0108546 0.0176931 0.0151739 0.00252393 0.00762876 0.00700836 0.00602414 -0.00533137 0.0199939 -0.00743753 -0.0556692 -0.0153938 0.0074995 0.00410307 0.0216728 0.00106472
0.0154033 0.0122818 0.00431458 -0.00320355 -0.0809003 -0.0194682 -0.0336281 0.00019684 -0.0241984 -0.00201584 0.0278756 -0.000466468 -0.0194438 -0.00476646 -0.00792308 -0.00863953 0.00534869 -0.0337435 -0.0187249 -0.0316561 0.00518683 0.000644069 0.0105343 -0.010536 0.592036 -0.0053302 -0.00964911 0.0170842 -0.0237213 -0.0181401 0.00278403 -0.0303385 -0.00835815 -0.0023094 -0.00958298 0.00416422 -0.00521017 0.00546035 0.0204582 -0.00359759 0.00680351 0.0543308 0.00787013 -0.00307841 -0.00452748 0.00703808 0.00349829 0.00737888 0.00708666 0.0102687 0.0361311 -0.0286888 0.0115995 -0.00355293 0.00137212 0.00689237 -0.0330734 0.0014266 -0.0203953 -0.0042241 0.00797306 0.00151153 -0.00371057 0.0134788 -0.00595784 -0.0162206 -0.0715836 -0.0158218 -0.0594792 -0.00195371 0.00757087 -0.000612194 -0.0110331 0.00361581 -0.0195629 -0.0195319 0.00515193 0.010151 0.001203 -0.00508672 0.00217939 -0.0457619 -0.00421032 -0.0667472 -0.00727332 -0.0325648 -0.0159679 -0.00335578 -0.00335783 -0.127857 -0.00810116 0.0184693 -0.0300378 0.028034 0.0136521 0.0148123 -0.00651342 0.00239997 -0.00511389 -0.0041498
0.0162862 4.1793e-05 -0.00213413 -0.00300764 -0.00990589 0.00665726 0.0141579 -0.0704696 -0.00211878 0.00399349 -0.00640278 -0.00915313 -0.00526361 -0.00602448 0.00367137 -0.100783 -0.0116274 -0.00395969 0.00694501 0.00544495 0.0110334 -0.0133924 -0.00977877 0.00385454 -0.0053302 0.646517 -0.00564324 -0.000602949 -0.00279806 0.000258427 0.00155478 0.00894445 0.00709113 -0.0149641 0.00286189 -0.0374017 -0.00573085 0.0147303 0.0130366 -0.00311625 -0.06336 0.00137424 0.0173143 -0.0436055 -0.00587731 -0.00566928 -0.00355148 0.00558447 -0.0291371 -0.00301159 0.00551032 -0.00445285 0.010239 -0.0243355 -0.0144006 -0.000126535 0.0137744 -0.0273867 0.0078208 0.00155828 -0.0257901 0.011931 -0.0166269 0.0040826 -0.0109153 -0.0110526 -0.00569334 0.0015891 -0.00533555 -0.00319986 -0.010367 -0.0751193 -0.00705586 0.00925779 0.0120263 0.00579894 -0.00608708 0.000943117 -0.00519587 -0.0625852 0.000529683 -0.00266722 -0.0242494 -0.00723312 0.00812946 -0.00249717 0.00207663 -0.0477218 0.0148349 0.00641546 0.00327834 0.00309043 0.00526046 0.00319436 0.00175556 0.00515444 -0.0225238 -0.00343917 -0.00512498 0.000385532
-0.00854802 0.0010423 0.0065786 -0.000252191 0.00891796 0.0177308 0.000902189 -0.0052077 0.000790934 -0.0006987 -0.0164075 0.000787212 -0.0666664 -0.00766899 -0.0210567 0.000378977 0.000373029 0.00814691 0.0329118 0.00877732 -0.00117597 0.00119137 0.00225366 0.0307901 -0.00964911 -0.00564324 0.544523 0.00227212 -0.144509 -0.0131568 0.00983957 0.0130957 0.00437219 -0.00268313 -0.00523474 -0.00154764 -0.00279416 -0.0370316 0.000403457 -0.00554175 0.00462598 0.0111694 0.00916102 -7.93204e-05 0.00147563 -0.0020743 -0.00754098 0.00906163 -0.000358 -0.00542107 -0.0242393 -0.00464813 -0.000173397 0.007286 -0.000541301 -0.250663 0.000796882 -0.00170248 -0.00340017 -0.00691151 -0.000188049 0.00633114 0.00284251 0.0199099 6.28004e-05 -0.000614729 0.005321 0.000596757 0.00227578 -0.00466629 -0.00884696 -0.00190099 -0.00254418 0.0227823 -0.00800871 0.0132025 -0.00873266 -0.00303753 0.00157207 -0.00498393 -0.0308477 -0.0407483 -0.00190648 -0.0142558 0.0134889 -0.00628139 -0.00131999 0.00350218 -0.00440527 0.0223964 0.00331466 0.00976148 -0.0141386 0.0188 -0.0420195 -0.00657034 -0.00225976 -0.0372644 0.0149263 -0.000871504
-0.00634169 -0.00323574 0.00115702 0.0124332 0.00493661 -0.0112545 0.0119869 -0.00584534 -0.0135835 -0.00234341 -0.000609484 -0.00227115 -0.00919039 0.000141519 -0.0598918 0.00773835 -0.00505262 -0.00754484 0.00556839 -0.00781421 -0.0026465 0.00082085 0.0316757 -0.00589017 0.0170842 -0.000602949 0.00227212 0.643653 0.00318622 0.0110244 -0.00594705 0.0113953 0.00283874 -0.00135718 -0.0217521 -0.00661926 -0.00210071 0.00320284 0.0351073 0.00901411 0.00177254 0.00754151 0.00897826 0.00447238 0.0233635 -0.0954881 -0.0165155 0.00291242 -0.00601855 0.00230268 -0.00134937 0.0149576 -0.00248499 0.0130404 -0.00351728 0.00311768 0.00820451 -0.0042995 -0.00054204 0.00932199 -0.0065796 -0.00211233 0.0155799 -0.00114344 0.000626826 -0.0466734 -0.00762834 -0.0570953 0.00995952 0.0076192 -0.00517196 -0.00114484 -0.00317374 -0.00494256 0.00512188 -0.00391433 -0.129656 -0.0140638 -0.00336438 -0.00080208 -0.0025493 -0.00240696 -0.00231512 0.014864 0.0093163 -0.00764425 0.0136865 0.0123359 0.0181643 0.0074571 -0.0780455 -0.101813 -0.018186 -0.0444048 -0.00439193 -0.105543 -0.000305612 0.00363842 0.00462689 0.000952138
0.00183591 -0.00452729 -0.00316958 0.00324135 -0.00339836 0.00651066 -0.0534378 -0.00590836 0.000819775 -0.00668695 -0.01903 -0.00228735 -0.0916192 -0.00193233 -0.0238349 0.00357119 -0.00024511 0.0073466 0.0200274 0.0123246 0.00299058 0.0016271 0.00639262 0.0236755 -0.0237213 -0.00279806 -0.144509 0.00318622 0.626495 0.00708199 -0.0134877 0.0107114 -0.00196793 -0.00280429 -0.00785837 -0.00338955 -0.00592742 -0.0458475 0.00974567 0.00268917 0.0058363 0.00168 0.00837983 0.00222029 0.0047636 -0.00212506 0.00764595 -0.00383996 0.00115209 0.000563128 -0.00470205 -0.00108517 -0.00224631 0.00369568 -0.00136723 -0.152418 -0.0473022 -0.00383691 -0.000431098 -0.00426719 0.000464134 0.00169899 0.00526518 0.0152585 -0.00327317 -0.00556435 -0.00363106 0.00542537 0.000390416 -0.000889192 -0.00197407 -0.000627071 -0.00414593 0.0102432 -0.0156663 -0.00592877 0.000415376 0.0091746 -0.00189185 -0.00256832 -0.0198971 -0.0790728 -0.00687535 -0.0093922 -0.00504226 0.00111359 0.00381735 0.00529111 0.00927394 -0.00105193 -0.0055713 0.00239517 -0.00896473 0.0272067 0.00349405 0.000598117 -0.00665797 -0.0124101 -0.00466852 -0.00364458
-0.0602731 0.0232156 0.0264283 0.0229043 0.0119905 -0.0085853 0.020422 -0.000707451 -0.00874754 -0.0998414 0.0625221 0.00731908 0.0265515 -0.0145697 -0.0159861 0.0126055 0.0214066 0.00574229 0.0369352 -0.0246056 -0.0250691 0.00773579 -0.0161346 0.0349697 -0.0181401 0.000258427 -0.0131568 0.0110244 0.00708199 0.487127 -0.0251408 -0.03466 0.00451555 0.00376293 0.00728132 0.0171643 0.00473584 -0.0164503 -0.0213537 0.00608624 0.0219375 -0.00779329 -0.0400272 -0.00364389 -0.025575 0.0144354 -0.0675869 0.0214652 0.0226674 0.0281159 0.0230597 -0.0172614 0.0044723 -0.000686506 0.0140125 -0.0121713 0.0146191 0.00982599 -0.0305075 -0.0250309 0.0245613 0.00694479 -0.0174547 0.0125518 0.00129385 -0.0196479 -0.0179276 0.00318033 0.00492439 0.0190027 -0.132396 0.0179661 -0.00128294 0.00728859 -0.0594222 -0.00676387 -0.0171653 -0.0202039 0.00491228 -0.000152005 0.0128391 0.0374334 -0.00356703 -0.00645179 0.00931916 0.00488404 -0.105265 -0.010582 -0.0791779 -0.0344783 -0.000113977 0.0171535 -0.000195193 -0.0199158 0.0422627 0.0254693 -0.00445023 -0.00135065 0.00601443 0.00469235
0.00678354 0.000607369 0.0057188 -0.0233446 0.00852074 -0.00507652 -0.0614388 -0.0033024 0.0212947 -0.076461 -0.03858 0.00311024 -0.0129485 0.00110868 -0.000412911 0.0104859 -0.00361997 -0.00175966 0.00952794 0.0114562 0.0161256 -0.00591295 -0.0162158 -0.00933142 0.00278403 0.00155478 0.00983957 -0.00594705 -0.0134877 -0.0251408 0.594574 0.0137209 0.00575644 0.00333021 0.00267776 -0.00325456 0.00468279 -0.0332172 -0.00188565 -0.00266698 0.00374271 0.0215304 -0.0178005 -0.00152825 -0.00423979 0.0123168 -0.0546836 0.00109268 -0.00265226 0.000732173 0.00375272 0.0480527 0.00602608 0.00744436 -0.00475105 0.00240105 -0.0866988 0.000457038 -0.00498928 0.053245 -0.00277793 0.00487672 -0.00344269 -0.0390941 0.00233207 -0.0200023 0.0153102 -0.00103243 -0.0232188 -0.0328006 -0.053769 0.00543939 0.00526104 -0.0406596 -0.0172295 -0.0257381 0.00433179 -0.0213815 0.00551314 -0.000284552 -0.0439707 -0.0122956 -0.00470127 -0.0194142 -0.0108998 0.0186058 -0.00910855 0.00300591 -0.00872701 0.00375971 0.00956191 0.00377208 0.0519738 -0.0120563 -0.0232929 -0.00911107 -0.00257117 0.0348572 -0.0542576 0.00978298
