## GPz 1.0.0 model file
## internal data (do not edit)
# number of features
4
# feature column name
f125w f160w f606w f814w
# feature mean
24.174 23.4625 22.7661 22.5041
# feature sigma
1.44356 1.46277 1.41472 1.42145
# output mean
1.18832
## model parameters (can edit)
# num basis functions
100
# BF weights
-1.28126 0.0689535 0.245928 -2.00883 -0.00993825 -0.681098 1.35876 0.2591 -0.862607 -0.651868 -1.14546 -0.281318 2.19611 -0.31247 -1.45048 0.0942578 0.130289 -0.632846 -1.87831 1.19927 -0.729041 0.101087 -3.55413 -1.42811 1.25275 0.210949 1.69463 2.31215 1.80325 -1.15424 -0.445002 0.68037 -0.367251 -0.295313 -0.620267 0.224208 0.630894 -0.297192 -0.304441 -1.49441 0.0320788 -1.54524 -0.583814 0.0686725 -0.132192 3.40038 -0.786146 0.145981 0.166341 1.10179 2.08214 -1.86618 -0.316587 -0.548028 0.158872 1.71913 1.25472 -0.107762 0.62322 -2.88143 0.169996 -0.352049 -0.115124 -0.180946 -0.225496 1.75111 2.03458 0.0615507 -0.491784 -2.08302 -1.1684 0.218806 0.818796 0.923135 0.104074 -0.701804 0.661491 0.995485 -0.526891 0.198282 -2.18005 1.93041 0.0416702 -0.434114 -2.58588 -1.82041 -0.591602 -0.139301 -0.830965 1.47055 2.46409 2.52139 3.0845 -0.753554 -1.61129 1.55991 -0.00504651 -2.21347 -1.317 1.70356
# BF priors
2.53054e-14 6.80929e-06 1.39268e-07 5.60644e-67 1.35771e-53 2.81769e-48 8.6745e-26 0.000273856 9.72649e-56 6.36788e-07 0.000114983 4.35145e-06 1.41627e-30 1.29792e-06 2.20814e-53 8.29099e-08 0.00408692 1.34764e-63 7.21947e-18 1.5725e-06 3.03568e-11 0.000251014 2.14624e-61 5.478e-10 3.45935e-25 6.0595e-05 7.14059e-26 3.01016e-99 5.54119e-28 2.01008e-14 1.22633e-18 5.57652e-07 1.31703e-08 8.17878e-06 4.58525e-10 0.0060406 2.81317e-06 2.80501e-11 1.53882e-09 1.03948e-58 5.5472e-06 1.3994e-80 1.58215e-11 4.92035e-06 5.89761e-09 5.60954e-112 0.918703 2.57358e-08 0.00348053 0.051504 1.89049e-34 1.2097e-56 1.91382e-07 3.40539e-10 0.00216034 1.77564e-24 1.68649e-26 2.1276e-05 2.02889e-08 3.10811e-60 0.00585072 3.85219e-07 4.87192e-08 1.35297e-50 5.50496e-06 1.38358e-97 3.65389e-32 4.95458e-77 1.54763e-17 5.83846e-66 1.44439e-09 0.000660656 2.70879e-06 1.10236e-38 0.0041131 5.86021e-05 8.96683e-88 2.41479e-06 7.93235e-09 0.000127787 4.71805e-64 3.98449e-31 1.33555e-05 1.08566e-12 1.57739e-64 1.13142e-69 1.31954e-14 1.12289e-08 5.46697e-13 2.28583e-30 1.39197e-102 1.18387e-100 9.13433e-106 4.43923e-51 2.31784e-07 8.4555e-92 1.52579e-05 4.9654e-62 1.09154e-18 0.00241454
# BF log relevances
0.323237 0.323408 0.323388 0.3212 0.323242 0.321967 0.321371 0.323391 0.323142 0.323328 0.322471 0.323381 0.322356 0.323359 0.32131 0.323419 0.3234 0.323374 0.322917 0.323272 0.323348 0.323393 0.316681 0.322992 0.322736 0.323403 0.321961 0.320295 0.321909 0.323159 0.322784 0.323205 0.323398 0.323349 0.323386 0.323395 0.323372 0.323385 0.32342 0.32214 0.323417 0.322804 0.32338 0.323405 0.323424 0.31601 0.321917 0.323368 0.323399 0.323281 0.322419 0.320257 0.323397 0.323387 0.323401 0.321889 0.320913 0.323347 0.323387 0.316585 0.323402 0.323417 0.323403 0.323346 0.323381 0.321792 0.322042 0.323129 0.32336 0.321239 0.323118 0.323394 0.323349 0.323176 0.323032 0.323196 0.322776 0.322848 0.323355 0.323404 0.319768 0.322602 0.323392 0.323104 0.320946 0.322581 0.323389 0.323402 0.32336 0.322274 0.32052 0.320633 0.317151 0.323357 0.321553 0.321987 0.323387 0.319873 0.322992 0.322665
# BF uncertainty weights
-0.036809 -0.0425179 -0.0423355 0.0277563 0.00930717 0.0121218 -0.00238643 -0.0420129 0.0119662 -0.0282725 -0.017248 -0.0408343 0.00357262 -0.0415222 0.0158339 -0.0418397 -0.0425916 0.0194371 -0.0180416 -0.0394164 -0.0384151 -0.0422772 0.0235747 -0.0194949 -0.00496491 -0.0422273 0.00101806 0.0263093 0.0027439 -0.0321112 -0.0159619 -0.0342343 -0.0396187 -0.0413131 -0.0396026 -0.0426801 -0.041192 -0.016431 -0.040525 0.0229883 -0.0429555 0.0319733 -0.0417581 -0.0420443 -0.0409269 0.0269161 -0.0244345 -0.0420999 -0.043037 -0.0324237 0.00614755 0.0200477 -0.041088 -0.0424831 -0.0422807 -0.000507901 -0.00265762 -0.0415616 -0.0355833 0.0236802 -0.0430424 -0.0405652 -0.0414684 0.0177149 -0.0407149 0.0322491 0.00206762 0.016489 -0.0118576 0.0264685 -0.0259281 -0.0431959 -0.0407444 0.00854076 -0.0301958 -0.0203922 0.0305853 -0.0398191 -0.0393845 -0.0422534 0.0259179 0.0027828 -0.0409033 -0.0119068 0.0205939 0.016422 -0.0380412 -0.0416096 -0.0412515 -0.00478965 0.0312417 0.0289756 0.0249926 0.0145054 -0.0191955 0.021759 -0.0409291 0.0262877 -0.0178119 -0.0344763
# BF uncertainty log relevances
0.000313873 0.000314357 0.000314333 0.000303946 0.0003067 0.000306576 0.000309811 0.000313997 0.000306136 0.00031313 0.000312219 0.000314046 0.000308662 0.000314251 0.000306025 0.000313969 0.000314124 0.000304698 0.000312307 0.000314156 0.00031404 0.000314013 0.000304181 0.000312506 0.000310285 0.000314005 0.00030943 0.000302714 0.000309039 0.000313363 0.000311694 0.000313839 0.000313756 0.000314136 0.000313681 0.000314167 0.000314319 0.000311915 0.000313728 0.000304818 0.000314153 0.000302395 0.00031419 0.000313961 0.000313788 0.000302546 0.000312987 0.000314301 0.000314162 0.000313645 0.000308196 0.00030507 0.000314231 0.000314176 0.000314056 0.000309711 0.000309886 0.000314161 0.000313936 0.000304378 0.000314184 0.000313817 0.000313869 0.000306001 0.000313977 0.000302259 0.00030897 0.000304523 0.000311578 0.000304177 0.000312856 0.000314197 0.000314294 0.000307684 0.000313413 0.000312501 0.00030254 0.000314221 0.000313894 0.000314005 0.000304289 0.000308712 0.000313903 0.000311649 0.000304314 0.000304679 0.000313882 0.000313909 0.000314129 0.00031007 0.000302142 0.000302349 0.000302897 0.000306536 0.000312529 0.000303388 0.000313915 0.0003041 0.000311882 0.00031386
# log uncertainty constant
-0.321852
# BF inverse covariance
0.611144 -0.0355276 -0.00302108 -0.00277761 -0.0027301 0.00225178 -0.0085788 0.00810801 -0.000360844 0.0139188 0.0139964 -0.0498952 0.00669319 -0.0607644 -0.00388466 0.0204873 -0.00814015 0.00303193 -0.0462919 0.0117611 -0.0955163 0.0107171 0.0069033 -0.0196132 0.00179213 0.0151505 -0.000284171 -0.00171755 -0.000530853 0.007181 -0.0118419 -0.0562299 -0.0224429 -0.0533741 -0.00827082 -0.0126713 -0.0344885 0.00740581 0.0209879 -0.000208018 0.0129001 0.00566014 0.0065738 0.0200056 0.0243286 -0.00615324 0.0184787 0.000364555 0.000633455 0.0207457 0.00699878 0.0052703 -0.0651818 0.00896859 -0.00142014 -0.000621608 -0.0128339 -0.0457373 -0.0640594 0.00672897 -0.00490409 -0.0076053 0.0226653 -0.00282549 -0.0392365 0.00125751 0.00525015 -0.00259677 -0.0105811 -0.00422646 0.00789587 0.003893 -0.0313394 -0.00301599 0.0233029 0.0130113 0.0016622 -0.0411739 -0.0612829 0.0146782 -0.00228615 0.00569356 -0.0101613 0.00256916 0.00493502 -0.00055176 0.0132378 0.0216056 0.00636274 -0.00264155 0.000744897 0.000827438 -0.00557825 -0.0125233 -0.0125491 -0.00127183 -0.013835 0.004314 -0.0150427 -0.0174779
-0.0355276 0.665449 -0.0487177 0.00254874 0.00547395 0.000179771 -0.00563483 0.00250556 0.00383544 0.00726631 -0.00654669 -0.0241867 -0.00585434 -0.0494314 0.00160558 -0.00302949 -0.016769 0.00241637 0.0149909 -0.0182076 -0.044711 -0.00240856 -0.00209234 0.00642331 -0.00257807 0.00127821 -0.0046604 -0.00161936 -0.00501466 0.0170512 0.00434078 -0.00765317 0.00943352 -0.0336922 0.0185193 -0.0207897 -0.047754 -0.0020654 0.0212608 0.00244142 -0.023528 -0.00381001 -0.0393365 0.00207368 0.0152217 -0.000504874 0.00427059 -0.0455862 -0.0194622 0.00384563 -0.0016445 -0.000133614 -0.0548196 -0.0360127 -0.00656546 -0.0048481 -0.00298644 -0.0346733 -0.0165779 -0.00195482 -0.0227957 0.0100887 0.00698957 0.00360918 -0.0120382 0.000349964 -0.000620003 0.00157438 0.00472669 0.00316744 0.0104978 -0.0222753 -0.0434481 -0.00115206 0.00881712 -0.00790742 -0.00011733 -0.0449257 -0.0172116 0.001772 0.00179545 -0.00586313 0.00472311 0.000432218 9.02437e-05 0.00161084 -0.00786065 0.00058247 -0.0327623 0.000694032 -0.000999935 -0.00211298 -0.000257468 0.00563125 0.0125216 -0.00177165 0.00329079 -0.000493903 0.0103079 -0.0054782
-0.00302108 -0.0487177 0.655733 0.00284251 0.00322207 -0.00212378 0.000792875 0.00297324 0.00192512 -0.00152581 0.00100679 0.00320554 -0.00658164 -0.0259576 0.00098617 -0.0121038 -0.00362119 0.00274057 0.0169955 -0.0536342 -0.017388 -0.00145142 -0.00332773 0.010745 -0.00777213 -0.00223735 -0.00167831 -0.000609931 -0.0020837 -0.0188544 0.00807587 -0.00511345 0.0173703 -0.00584438 0.0149297 -0.0057827 -0.050999 0.00359719 0.00515286 0.0026143 -0.0256737 -0.00338194 -0.0683438 -0.00440244 0.000770665 6.51791e-05 0.00783346 -0.0694255 -0.0105111 -0.00834949 -0.00434354 -0.00143604 -0.0304179 -0.0521673 0.00156781 -0.000969991 0.00439858 -0.00932998 -0.0132376 -0.00332284 -0.0107189 0.0122091 -0.00382601 0.00419005 0.00973292 -0.000977856 -0.00553364 0.0032803 0.00215105 0.00338866 0.00218364 -0.0177066 -0.0501934 0.000229777 -0.00355413 6.5356e-05 -0.000140257 -0.045577 0.0116614 -0.00107454 0.00193486 -0.00696421 0.0116688 0.000459296 -0.000472404 0.00190792 -0.0546798 -0.00999227 -0.066391 -0.00607265 -0.00193066 -0.00186726 0.00121273 0.00660468 0.0162163 0.000273326 0.0119072 -0.000414653 0.0100552 -0.0109284
-0.00277761 0.00254874 0.00284251 0.637346 0.0240472 -0.0118024 -0.00844919 -0.000566253 0.0113995 0.00656352 0.0104053 0.000173795 0.00583466 0.000178341 -0.04594 -0.0037523 0.0022387 -0.00104939 -0.0085738 0.000267664 -9.94197e-05 0.00146181 -0.0350752 -0.00179868 0.0228883 -0.000976258 -0.00595352 0.00188779 -0.00678693 -0.00332688 -0.00679653 -0.00552057 0.000962832 3.53686e-05 0.0018433 0.000726898 1.62201e-05 0.00314026 -0.00168977 -0.0613646 -0.000652155 -0.0549711 0.00201064 -0.000767423 -0.00260801 -3.10178e-05 -0.000492349 0.00375975 0.00197408 0.00280797 0.0080814 -0.0328131 0.00196926 -0.00111104 0.0015841 -0.00776666 -0.0175288 -0.000804471 -0.00903567 -0.0445392 0.00202572 0.00237395 -0.00152772 -0.0511487 0.000546807 -0.0432981 0.0187424 0.0261697 0.00347772 -0.0855301 0.00332866 -0.000123266 -0.00095543 -0.0243595 0.00205683 0.0146073 -0.0343139 0.00315969 -0.000674597 -0.000448381 -0.0828443 0.00918834 -1.83591e-05 0.00189209 -0.00686699 0.0174074 -0.00311944 -0.00248865 0.00106944 0.0263213 -0.0237821 -0.00865852 0.00599899 -0.0589157 -0.0139524 0.0171569 0.000250063 -0.0656626 -0.0069982 -0.000705279
-0.0027301 0.00547395 0.00322207 0.0240472 0.595714 -0.0331565 0.0149707 -0.000151657 -0.0906711 -0.00159576 0.024358 -0.000443741 -0.0254616 0.00259863 0.00119268 -0.00174246 0.00198752 -0.090337 -0.00493223 -0.0053036 0.000740828 0.00170535 0.000501287 0.00987068 -0.0274063 -0.000466789 -0.0131692 -0.010047 -0.0148579 -0.0159803 0.0176055 -0.00732293 -0.00270654 0.000414037 -0.00174316 0.00158492 0.00328663 0.0213124 -0.000151022 -0.0154592 0.00100686 0.0440536 -7.09645e-05 0.000267969 -0.000532875 -0.00283874 0.00180706 0.00194164 0.00199445 -0.00720828 -0.069028 -0.0208175 0.00419588 0.000160259 0.00153749 -0.0039148 0.0152571 0.00129005 -0.00460348 0.00992081 0.00225067 -6.01834e-05 -0.000396595 -0.0381658 -0.00185234 0.0232351 -0.0723213 -0.0840727 -0.000640743 0.0206809 -0.00182137 0.000887611 0.00246904 -0.0183752 -0.00874108 0.0270596 -0.00199166 0.00251575 -0.0028831 9.22624e-05 0.0298033 -0.0224966 -0.00111928 0.00984724 -0.0421662 -0.0637351 -0.00836707 -0.00163473 -0.00245298 -0.0465781 0.0214969 0.00920936 -0.0267549 -0.0157048 -0.00110472 -0.0315798 -0.00160065 0.0103116 0.00629091 -0.00667387
0.00225178 0.000179771 -0.00212378 -0.0118024 -0.0331565 0.667398 -0.0156232 -5.21227e-05 -0.0456521 0.00172946 0.00235477 0.000691481 -0.0371146 0.001448 -0.0452613 0.000556786 -0.00038005 -0.0197074 -0.000236091 -0.00519486 0.00138446 -0.00081444 -0.0525628 -0.00197323 -0.0248067 5.40639e-05 -0.00354228 0.00515677 -0.0133946 0.00376166 0.00612658 -0.00230715 -0.000811076 0.0012219 -0.00106313 0.000152115 -0.00159734 0.00832909 9.24524e-05 -0.0181778 0.000190392 -0.00716811 -0.00138288 -0.000324722 4.81929e-05 0.0145776 0.0073607 -0.00249725 -0.000218465 -0.0039427 -0.0243622 -0.0453021 0.00111563 0.000347799 -0.000606405 -0.000651882 -0.00677568 0.00111317 -0.000637041 -0.0527055 -9.73727e-05 -0.00132353 -0.000290104 -0.0147616 0.000267888 0.024383 -0.0206592 -0.0263722 -0.00385019 -0.0137372 0.00667952 0.000337398 -0.00212833 -0.0343959 0.00195648 -0.00477837 0.0130875 -0.00289205 0.000627824 -0.000145742 -0.0248273 -0.043909 -0.000253532 0.00325412 -0.0447088 -0.0461359 -0.00150564 0.00013088 -0.00112892 -0.033621 0.0191297 0.0107705 0.0108052 -0.0211112 0.0122696 -0.0103513 -0.000150071 -0.0273083 0.0118193 -0.00611092
-0.0085788 -0.00563483 0.000792875 -0.00844919 0.0149707 -0.0156232 0.632968 0.00548834 0.0170683 -0.0147928 -0.0210556 0.000649494 -0.0511633 -0.000301473 -0.039357 0.00522747 -0.00492764 0.0255922 0.00564558 0.0204031 -0.01431 -0.00531574 0.013962 -0.0103769 -0.0258103 0.00351546 -0.0491801 -0.00256919 -0.0595829 0.0153809 -0.0607923 -0.00313732 0.00208265 0.00146395 -0.000382584 0.00185477 0.00551704 -0.0346994 0.00184099 -0.00389028 -0.00098293 -0.000370028 -0.00273819 -0.00227313 0.000212464 -0.00820957 0.0148286 -0.00179037 -0.00489615 0.00545658 -0.0139993 0.0106672 -0.0113331 0.00143443 -0.00233483 -0.0500991 -0.0877479 0.00486127 0.0135872 0.0120684 -0.00431678 -0.00384417 -0.00424116 -0.0163382 0.00213721 -0.00157449 -0.0066249 0.0165603 0.00386184 -0.0134866 -0.013002 0.00349168 0.00949698 -0.0612276 0.0158042 -0.042308 0.00181215 -0.0132247 0.00188568 0.00203095 -0.0153691 -0.0579208 0.00566538 0.00809948 0.0264733 0.0217081 0.0182071 -0.00312788 -0.000184377 -0.0202863 -0.00526458 -0.00235372 -0.00128335 -0.051199 0.0336889 0.00501759 0.00533128 0.0051855 -0.0466754 -0.00659797
0.00810801 0.00250556 0.00297324 -0.000566253 -0.000151657 -5.21227e-05 0.00548834 0.685217 -0.000674917 0.00277272 -0.00224395 -0.0146524 0.0021849 -0.00344123 0.00206036 -0.0343031 -0.0216094 -0.00315027 0.0032922 -0.00433266 0.0110638 -0.0297711 -0.0016993 0.00407747 0.00223631 -0.0374233 -0.00218321 0.00152893 0.000295418 -0.00114846 0.00319233 0.00480992 -0.0304531 -0.0119893 -0.0357579 -0.0239009 -0.00146172 -0.00364332 -0.0460277 -0.0028639 -0.0206992 0.000407513 0.00596641 -0.0342463 -0.042147 0.00293016 -0.00688684 0.00573734 -0.0217474 -9.37696e-05 -0.00155691 -0.00322733 0.00638965 -0.00744932 -0.0282228 -0.00246616 0.00483484 -0.0149005 -0.00353891 -0.00233887 -0.0201686 -0.0310945 -0.0349234 -0.00218376 -0.0213461 -0.000920419 -0.000842526 0.00103657 -0.00113325 -6.60764e-05 6.97144e-05 -0.0254727 -0.00335459 0.00292858 -0.00498062 0.00408355 -0.00101124 0.0107172 -0.0142305 -0.0368612 -6.524e-05 0.00358055 -0.0350997 -0.00553717 -0.00176449 0.000544389 -0.000564704 -0.0309923 0.00503631 0.00541433 1.65914e-06 0.000514158 0.00271152 0.00343542 -0.00925659 0.00160746 -0.0337429 -0.0030178 0.00129561 0.00564245
-0.000360844 0.00383544 0.00192512 0.0113995 -0.0906711 -0.0456521 0.0170683 -0.000674917 0.643559 -0.00156904 0.0161803 -0.00111096 -0.0225767 0.00154483 -0.0133515 -0.000910857 0.00140895 -0.0661484 -0.0045857 -0.00592287 0.00246691 0.00153535 -0.0332258 0.00542456 -0.0235109 -0.000175321 0.00150436 -0.00853226 -0.00166993 -0.010799 0.0167937 -0.00234877 -0.00265386 -0.000335782 -0.0013798 0.000277068 0.00119358 0.0157271 0.000228155 -0.0134602 0.00103051 0.0189616 0.000889985 0.000845889 0.000297832 0.00144811 0.00110616 0.00173488 0.00178452 -0.00696202 -0.0461925 -0.0389296 0.00361615 0.000714236 0.000759712 0.00675787 0.0197692 -0.000572746 -0.00397244 -0.0281028 0.0017097 -0.000148332 0.000979838 -0.0202864 -0.00181665 0.026089 -0.048573 -0.0715357 -0.00460818 0.010105 -0.000377414 0.000453758 0.000107184 -0.0122919 -0.00741631 0.0167805 0.00633621 0.00320878 -0.00292891 0.000154308 0.00764485 -0.0230047 -0.00185853 0.0038238 -0.0580618 -0.0729574 -0.00729889 0.000446367 -0.000367774 -0.0413459 0.020209 0.00537255 -0.015638 -0.00348452 -0.000350262 -0.0335594 -0.00189543 -0.00923514 0.0118847 -0.00324792
0.0139188 0.00726631 -0.00152581 0.00656352 -0.00159576 0.00172946 -0.0147928 0.00277272 -0.00156904 0.626061 -0.0309073 -0.000366547 0.00232618 0.0125164 -0.00351235 0.00914767 -0.00640117 -0.00183189 0.0214541 -0.0248936 0.00858533 -0.00562209 0.00175652 -0.00465556 0.0113011 0.00395857 0.00213015 -0.00396221 0.00147836 -0.0726489 -0.0589714 -0.00894272 -0.00651402 0.00483319 -0.00635252 0.000559776 0.0113874 -0.0553053 0.00416771 0.00653395 0.00394246 0.000887985 -0.00964585 0.000405885 0.00425297 -0.00201277 -0.0559893 -0.00830241 -0.00390974 -0.081197 0.00924808 0.00476421 0.00529358 0.0059318 -0.00545034 -0.00115448 -0.0168467 0.00795054 0.0135497 0.00462417 -0.00358218 -0.00947468 0.00051266 0.00680471 -0.00277683 0.0071458 0.0121423 -0.0121312 0.0207566 0.00552941 -0.0910946 0.00606011 0.0112226 -0.00108775 -0.0832836 -0.0532113 0.00335944 -0.00703003 -0.000869495 0.00198008 0.00380371 -2.57464e-05 -0.0013954 0.0132258 -0.00342858 -0.0102493 -0.03021 0.00273513 -0.0110387 0.0100962 0.00368513 -0.00079215 -0.00472431 -0.000448696 0.00431733 -0.00966296 -0.00166737 0.00608127 -0.0638473 -0.0413391
0.0139964 -0.00654669 0.00100679 0.0104053 0.024358 0.00235477 -0.0210556 -0.00224395 0.0161803 -0.0309073 0.614344 -0.0012219 -0.0110565 -0.00498083 0.00743588 -0.000894015 -0.00645817 0.0119507 -0.0267726 0.0144587 0.00858555 -0.00245605 -0.0170601 -0.0647177 -0.0334482 -0.00303506 -0.0211335 -0.00456363 -0.0149576 0.0241143 -0.0156497 0.00705531 0.00793435 -0.00472618 0.00880635 -0.00784132 0.00410118 -0.0572638 0.00680454 0.0107734 -0.00749971 -0.0212411 0.00637273 -0.000587472 0.00550485 0.00117409 -0.081046 0.00307904 -0.00874277 -0.0263571 0.00426256 -0.00131349 -0.00215954 -0.00313725 -0.00339126 -0.023196 -0.00979095 -0.00531994 0.019971 -0.0114996 -0.00927595 0.0050692 0.00261353 0.0231514 -2.69027e-05 -0.00370933 -0.0015921 0.0101512 -0.0501423 0.0116202 -0.0249097 -0.0107473 0.00688522 0.0077001 -0.0348995 -0.102801 -0.00514211 0.00808861 0.00499713 -0.0026018 0.00789643 -0.0137462 0.00237138 -0.0713991 -0.00552465 0.00229317 0.0286692 0.00134315 0.00978336 -0.0104367 -0.00756965 -0.0079593 0.00606469 0.0276544 -0.0594799 -0.00251914 0.00151658 -0.00180662 -0.00965138 -0.00625668
-0.0498952 -0.0241867 0.00320554 0.000173795 -0.000443741 0.000691481 0.000649494 -0.0146524 -0.00111096 -0.000366547 -0.0012219 0.662263 0.00230541 -0.0462566 0.00165991 0.00302234 -0.0332626 -0.00106561 0.000455186 0.0140781 -0.0384201 -0.0101021 0.000105951 0.00389352 0.00168159 -0.00508735 -0.00135027 -0.000271322 0.000360716 0.00478635 -0.00611225 0.00600373 -0.0364506 -0.0592792 -0.0127165 -0.0388221 -0.0100037 -0.00768478 0.0218295 -0.000142482 -0.00848255 0.00134455 0.0106733 0.00385409 0.0197396 -0.000480987 -0.00068199 0.0078257 -0.0244679 0.0087194 0.000639889 -0.000799946 -0.0404908 0.000764437 -0.0262503 -0.00231807 -0.00105098 -0.0558964 -0.00581133 -0.000532766 -0.0302667 -0.0203614 0.0133943 -9.42412e-05 -0.0560838 0.00167528 0.000420059 -0.00175695 -0.000428033 0.000455413 -0.00433006 -0.0209227 -0.00666915 0.00217158 0.00233436 0.00147856 0.00111622 -0.000527204 -0.0672706 -0.00566517 0.000347195 0.00308838 -0.0314139 -0.00200926 -0.00117794 -0.00182444 0.0148107 0.0103478 0.0127317 0.00201284 0.00136971 0.000317868 -0.00101837 0.00154325 -0.00143879 -0.00137685 -0.0347466 -0.00036037 -0.0072608 0.0146309
0.00669319 -0.00585434 -0.00658164 0.00583466 -0.0254616 -0.0371146 -0.0511633 0.0021849 -0.0225767 0.00232618 -0.0110565 0.00230541 0.661767 0.00255432 -0.0257202 0.00478223 -0.00419945 -0.00629917 0.00701327 0.0019742 -0.000542952 -0.00446393 -0.00998363 -0.0033016 -0.0491707 0.00214285 -0.0402585 0.00323817 -0.0486717 0.0183891 -0.0120132 0.00525555 0.000355297 0.00354724 -0.00163396 1.31529e-05 -0.000968147 -0.00927378 0.000835424 -0.00452408 -0.000704445 0.010146 -0.00486271 -0.00109816 0.000987634 0.00392178 0.0144855 -0.00775309 -0.0038641 0.00156776 -0.0475652 -0.0154942 -0.00475725 0.000843987 -0.00312606 -0.0376232 -0.0416795 0.00412154 0.0119046 -0.0124072 -0.00368633 -0.00388969 -0.00100351 -0.0164824 0.00272206 0.0150662 -0.0458745 -0.00651036 -0.0131712 0.00401682 0.00834791 0.0018309 0.000565961 -0.0477141 0.0123653 -0.0214219 0.0110718 -0.0115003 0.00427893 0.000758832 -0.0012976 -0.0659566 0.00197805 -0.0082843 -0.00653448 -0.00824852 0.00797924 0.00102101 -0.00123053 -0.0522416 0.0104999 0.00638873 0.0021671 -0.0209883 0.0258517 -0.000810497 0.00245218 -0.00211762 0.00188886 -0.00406251
-0.0607644 -0.0494314 -0.0259576 0.000178341 0.00259863 0.001448 -0.000301473 -0.00344123 0.00154483 0.0125164 -0.00498083 -0.0462566 0.00255432 0.66009 0.00247311 -0.00112458 -0.0169501 -0.0015323 0.00332764 -0.00426954 -0.0544168 0.005153 -0.00166494 0.00733463 0.00181122 0.000708895 -0.0071009 6.79371e-05 -0.00322285 0.0124596 -0.00156996 -0.0052426 -0.00537399 -0.0555173 0.0139022 -0.0292843 -0.0431554 -0.00863466 0.0274613 -0.00184591 -0.0143329 -0.00051796 -0.0120856 0.0105114 0.0234491 0.00175241 0.00146798 -0.018659 -0.0151045 0.0182024 0.00032802 -0.00228352 -0.0562401 -0.0210824 -0.00758606 -0.00806084 -0.00124037 -0.0558371 -0.028628 -0.00202757 -0.0209296 0.0081241 0.0186079 -0.000563876 -0.0340635 -0.000350777 0.000786171 0.000628105 -0.00117127 0.000599342 0.00626096 -0.0240181 -0.0400313 0.00313076 0.0105757 0.00377207 -0.00106141 -0.0238104 -0.0459456 0.00266021 0.000439568 0.0040213 -0.00919676 -0.00682601 -0.00125898 0.000428907 0.00323643 0.0108635 -0.00924146 0.00768207 -0.000216428 -0.000464151 0.00155576 0.00412605 -0.00496161 -0.000219457 -0.012301 -0.00249266 -0.00271107 0.0132829
-0.00388466 0.00160558 0.00098617 -0.04594 0.00119268 -0.0452613 -0.039357 0.00206036 -0.0133515 -0.00351235 0.00743588 0.00165991 -0.0257202 0.00247311 0.656403 -0.00114372 -0.000492233 0.0034034 1.71835e-05 0.00275666 -0.00428164 -0.00204288 -0.0402562 -0.00379646 0.0028881 0.000301367 -0.00299792 0.00580307 -0.0172039 0.00191192 -0.0170347 -0.0104629 0.00119798 0.00237322 0.000421745 0.00210495 0.00268363 0.00502377 -6.16438e-05 -0.0350778 -0.00154967 -0.0264567 -0.00312693 -0.00254544 -0.0021284 0.0103034 0.0118131 -0.000724051 -0.000972771 -0.00294499 0.00302368 -0.0333019 -0.000515019 -0.00174823 1.27052e-05 -0.00176292 -0.0352327 0.00370103 -0.00160092 -0.0428978 -0.000267272 -0.000896643 -0.00436889 -0.0304103 0.00160406 0.00207455 0.0150541 0.00113237 0.0147309 -0.0500362 0.000738459 0.00128005 0.00312284 -0.0518402 0.00617647 -0.0077539 -0.0022093 -0.0044989 0.00124167 7.67329e-05 -0.0568598 -0.0347213 0.00280103 0.0226211 -0.0180221 -0.0143557 0.000627554 -0.00497617 -0.00378192 -0.00109143 0.00428844 0.00668281 0.014228 -0.0621232 0.0181301 0.0044223 0.00260183 -0.0380204 -0.0103525 -0.01205
0.0204873 -0.00302949 -0.0121038 -0.0037523 -0.00174246 0.000556786 0.00522747 -0.0343031 -0.000910857 0.00914767 -0.000894015 0.00302234 0.00478223 -0.00112458 -0.00114372 0.649111 -0.0153498 -0.00205609 -0.0116401 -0.00112284 0.0224799 -0.0262329 0.00304869 -0.00603678 0.00221746 -0.0487272 0.000364514 0.00176555 0.00227117 -0.00786195 0.00101164 0.0122085 0.0161574 -0.00262333 0.0204911 -0.0232371 0.000877057 0.000856174 -0.02849 -0.00432508 -0.0602116 0.00422041 -0.0277863 -0.0488762 -0.0482592 0.000964345 -0.00283296 -0.00984242 -0.0298701 0.0114545 0.000729414 -0.000696266 0.0121354 -0.0593178 -0.01612 -5.36923e-05 0.00284179 -0.0103123 0.00527226 0.00171481 -0.0255757 0.0132489 -0.0518325 -0.00518327 0.00303806 -0.00362985 0.000621904 0.0012741 -0.00826836 -0.0040521 0.00371205 -0.0504384 0.000370794 0.00160682 0.00481592 0.00655872 -0.00156907 0.0220679 0.0115103 -0.0427113 -0.00281818 0.00580585 -0.00668123 -0.00898541 0.00193933 0.00231022 -0.0228547 -0.0663328 -0.0319345 0.00282349 -0.00153929 0.000902331 0.00108712 -0.00414024 -0.0174232 0.00328286 -0.0055638 -0.00132883 -0.00224972 0.0165002
-0.00814015 -0.016769 -0.00362119 0.0022387 0.00198752 -0.00038005 -0.00492764 -0.0216094 0.00140895 -0.00640117 -0.00645817 -0.0332626 -0.00419945 -0.0169501 -0.000492233 -0.0153498 0.684696 0.00241028 0.00991279 0.0130739 -0.0119291 -0.0316125 -0.00136377 -0.0011921 -0.000670397 -0.0205859 0.00188311 -0.00159695 -0.00086986 0.0146618 0.000470653 0.00593563 -0.0251308 -0.028836 -0.0157775 -0.0332359 0.00358632 -0.000582815 -0.00367799 0.00340462 -0.0262908 -0.00210328 -0.0049843 -0.0228336 -0.00983816 -0.00235975 -0.00353926 -0.00408829 -0.0369314 -0.00663754 0.000692618 0.00153463 -0.022279 -0.011778 -0.0341492 0.00219703 -0.00257612 -0.0260475 0.0171547 -0.000368698 -0.0377261 -0.0266362 -0.0190162 0.00380133 -0.0326603 0.00238099 0.0015839 -0.000729225 0.00637048 0.00226469 -0.000398534 -0.0262876 0.00790033 -0.00236516 -0.00115429 -0.0140175 0.00150094 -0.00626482 -0.0311103 -0.0223672 0.00132212 -0.00542599 -0.024154 0.00582005 -8.46459e-05 -0.000663061 0.0165669 -0.0196558 -0.000334388 -0.00179589 0.000699615 -0.000718177 -0.0022298 0.00141703 0.0115164 -0.00214239 -0.0252289 0.00150291 0.00515712 -0.00423429
0.00303193 0.00241637 0.00274057 -0.00104939 -0.090337 -0.0197074 0.0255922 -0.00315027 -0.0661484 -0.00183189 0.0119507 -0.00106561 -0.00629917 -0.0015323 0.0034034 -0.00205609 0.00241028 0.637918 0.0138921 -0.00691607 0.00533502 0.00328254 -0.0150576 0.0186777 0.00167312 -0.00205846 -0.011598 -0.02111 -0.00716368 -0.00875685 0.0182377 -0.00109828 -0.000660033 -0.00212968 0.000750317 -0.00148653 -0.00242196 0.00584985 -0.000636211 -0.0311744 0.00139932 0.0101287 0.00656226 0.00171162 0.000502388 -0.0123138 -0.0145474 0.00440563 0.00230027 -0.00894919 -0.0482315 -0.0296616 0.00420047 0.00259163 0.00140703 -0.00608016 0.0226968 -0.00351094 -0.0075064 -0.00836058 0.00187063 0.00287589 0.00296613 -0.0416494 -0.00179811 -0.00611806 -0.0434567 -0.0683853 0.0118304 -0.000703328 -0.00434442 -0.00216273 -0.00405201 -0.00455704 -0.0162677 0.0222202 -0.0251936 0.00522013 -0.00135264 -0.00112481 0.00762516 0.00102352 -0.00301095 0.00581135 -0.0449255 -0.0503378 -0.00171775 0.00241099 0.00574491 -0.00280842 -0.00293307 -0.0105034 -0.0319953 -0.00752974 -0.0120727 -0.0342759 -0.00313007 -0.0157167 0.00784813 -0.000772322
-0.0462919 0.0149909 0.0169955 -0.0085738 -0.00493223 -0.000236091 0.00564558 0.0032922 -0.0045857 0.0214541 -0.0267726 0.000455186 0.00701327 0.00332764 1.71835e-05 -0.0116401 0.00991279 0.0138921 0.559113 0.0163398 -0.0277619 0.00441621 0.0107098 -0.119749 -0.0447634 -0.000665002 0.0138918 -0.000288421 0.0130555 0.00110756 0.00771695 -0.0636585 -0.00126516 0.00258043 0.0004584 0.009854 0.00846494 0.0243075 -0.00535289 0.00544099 -0.000964973 0.00370897 0.00326891 -0.00393633 -0.00982791 -0.0107222 -0.018939 0.016209 0.00895561 0.00765356 0.00511177 0.00791448 0.0018094 -0.00486276 0.00789101 0.013575 0.00173892 0.00450551 -0.052166 0.00692317 0.0105363 0.00352465 -0.00936751 0.00497535 0.00098487 -0.00582886 -0.0151004 0.00391477 -0.109127 -0.00920842 0.0210111 0.00579088 0.00653355 0.00584209 0.0156931 -0.0165877 0.00242999 0.00188366 -0.00905957 0.000842148 -0.00566441 0.00422287 0.00325497 -0.0781151 0.00823848 0.000179142 -0.00438231 -0.0136225 -0.00230294 -0.0616374 -0.00412479 0.000207844 -0.00588945 -0.0110953 -0.107412 0.00415927 0.00328089 0.00816163 0.00734061 -0.0320585
0.0117611 -0.0182076 -0.0536342 0.000267664 -0.0053036 -0.00519486 0.0204031 -0.00433266 -0.00592287 -0.0248936 0.0144587 0.0140781 0.0019742 -0.00426954 0.00275666 -0.00112284 0.0130739 -0.00691607 0.0163398 0.623774 0.00425387 0.00686878 -0.00604024 0.0212511 0.00105643 -0.00185615 0.00130684 0.00424041 0.0052276 -0.069422 0.00835452 -0.0333034 -0.00151414 0.0104792 -0.0103988 0.00725619 -0.0558992 -0.00058587 -0.0150713 -0.00497625 0.00563106 0.00111152 -0.0420236 0.00294669 -0.00660763 0.00746388 -0.0136551 -0.0550741 0.0122902 -0.0488996 -0.00826262 -0.00946348 0.00239649 -0.0148015 0.00698736 0.00196546 0.0199861 0.00512513 -0.0523266 -0.00793686 0.0126225 -0.000775435 0.00280562 -0.00386596 0.0102239 -0.000299144 -0.00855745 0.00206358 0.00475157 0.00143703 -0.024087 0.00249065 -0.065162 0.00617416 -0.0494323 0.0212115 -0.000351589 -0.043177 0.0152519 -0.001022 0.000560313 0.00427461 -0.00377497 0.000265473 -0.00560891 -0.000440924 -0.0829814 0.00596641 -0.0457831 0.00293957 0.00131801 0.00208987 0.00691992 0.00850881 -0.00550929 0.00408231 -0.00217745 -0.00624105 -0.000297342 -0.0418153
-0.0955163 -0.044711 -0.017388 -9.94197e-05 0.000740828 0.00138446 -0.01431 0.0110638 0.00246691 0.00858533 0.00858555 -0.0384201 -0.000542952 -0.0544168 -0.00428164 0.0224799 -0.0119291 0.00533502 -0.0277619 0.00425387 0.632324 0.00367569 0.00462422 -0.0166467 0.000738896 0.0154928 -0.00010527 -0.00306276 -0.00356128 0.0189612 -0.00659153 -0.0593332 -0.0138762 -0.0421987 -0.00569929 -0.010293 -0.0392148 0.00962137 0.018805 0.0029292 0.00779962 0.00148399 -0.00619347 0.014879 0.0212572 -0.00669568 0.0162508 -0.0163113 -0.00541063 0.00660715 0.00574486 0.00628252 -0.0684004 0.00422433 -0.00378249 0.000333395 -0.0147293 -0.0344492 -0.0543718 0.00566898 -0.00973329 -0.00830419 0.0165919 0.000969511 -0.0275567 0.00238755 0.00594947 -0.00185096 0.000295006 -0.00132243 0.0111714 0.00397483 -0.0346937 -0.00659913 0.0193894 -0.00112914 0.00184815 -0.060049 -0.044087 0.0135869 -0.000593213 -0.00277174 -0.00252254 0.0113712 0.00497821 0.000319263 0.0166789 0.017548 -0.00217172 -0.00320655 0.000505756 -0.000506975 -0.00604932 -0.00950614 0.00470921 -0.00283296 -0.00537297 0.00495268 -0.00363919 -0.0352423
0.0107171 -0.00240856 -0.00145142 0.00146181 0.00170535 -0.00081444 -0.00531574 -0.0297711 0.00153535 -0.00562209 -0.00245605 -0.0101021 -0.00446393 0.005153 -0.00204288 -0.0262329 -0.0316125 0.00328254 0.00441621 0.00686878 0.00367569 0.682655 -0.000281452 -0.00441609 -0.000892563 -0.0319045 0.00297764 -0.00139407 -0.000610736 0.00998689 0.00173944 -0.00184549 -0.0276994 -0.00387481 -0.0364867 -0.0211741 0.00921588 0.00412809 -0.0413319 0.00312778 -0.0252191 -0.00149784 -0.00645602 -0.0392881 -0.0409368 -0.00293173 -0.00116151 -0.00412511 -0.0320053 -0.0100265 0.000841212 0.00221666 -0.00245108 -0.00960122 -0.0341949 0.00360747 -0.00304645 -0.00221756 0.0141908 0.000573932 -0.0290848 -0.0387121 -0.0421955 0.00291813 -0.0157702 0.00155831 0.00167312 8.9465e-05 0.00521119 0.00120421 0.00136097 -0.0204407 0.0113725 -0.00388622 -0.00138484 -0.0111344 0.00143164 -0.00593807 -0.00726823 -0.0342769 0.000467076 -0.00602482 -0.0262143 0.00705615 0.00118044 0.000304828 0.00938156 -0.0364656 -0.00342254 -0.00321089 4.84999e-05 -0.000680456 -0.00229477 -0.00128302 0.00993654 -0.00124775 -0.0248391 0.00200627 0.00637113 -0.0130784
0.0069033 -0.00209234 -0.00332773 -0.0350752 0.000501287 -0.0525628 0.013962 -0.0016993 -0.0332258 0.00175652 -0.0170601 0.000105951 -0.00998363 -0.00166494 -0.0402562 0.00304869 -0.00136377 -0.0150576 0.0107098 -0.00604024 0.00462422 -0.000281452 0.624166 0.000378727 -0.010968 -0.000723896 0.0095114 0.00237481 0.00834262 0.00797584 0.0243605 0.00572915 -0.000121859 -0.00102683 -0.00103972 -0.00203237 -0.0034047 0.00289624 0.00101376 -0.0286913 0.00152641 -0.0552488 0.00148597 0.00148313 0.00286463 0.0186977 -0.00956043 -0.00306086 -0.00129683 -0.00294892 0.000519733 -0.0704765 0.00107587 0.0023604 -0.00133111 0.011058 0.0252052 -0.000959826 0.00635906 -0.101134 -0.00154134 -0.00111072 0.00314752 0.00101752 -0.00091942 0.00869702 0.00254398 -0.0144799 -0.00291328 -0.0321291 0.00544148 -0.00210255 -0.00342978 -0.00152049 -0.00610857 -0.0136753 -0.000148765 0.000369749 0.00199389 -0.000776615 -0.0488213 -0.0151316 -0.00131561 -0.00787185 -0.0758509 -0.0570408 0.00441804 0.00434137 0.00185646 -0.00522161 0.00623772 -0.000462041 0.0208185 0.01003 0.00194665 -0.0122113 -0.00173941 -0.0633402 0.0235802 0.00222156
-0.0196132 0.00642331 0.010745 -0.00179868 0.00987068 -0.00197323 -0.0103769 0.00407747 0.00542456 -0.00465556 -0.0647177 0.00389352 -0.0033016 0.00733463 -0.00379646 -0.00603678 -0.0011921 0.0186777 -0.119749 0.0212511 -0.0166467 -0.00441609 0.000378727 0.605476 -0.0382527 -0.000661224 0.0133513 -0.0037713 0.00737238 0.0236601 0.00469126 -0.0533217 0.00488181 0.00597017 0.00464088 0.00432355 0.0132683 0.00496518 0.000560112 0.0112421 -0.00667979 -0.009428 0.0014163 -0.00671615 -0.00515225 -0.00869995 -0.0475978 0.00840257 -0.00318719 -0.0227724 0.0132002 0.00835776 -0.00195094 -0.00403405 0.000334448 0.0134518 -0.004473 0.00877105 -0.0199956 0.00159505 -0.00152284 0.00128134 -0.00990124 0.0164222 0.00475264 -0.00274888 0.000905099 0.0048104 -0.0816187 -0.00254873 0.00889448 0.000984437 0.0147701 0.000221426 -0.0056648 -0.0711611 0.000535277 -0.00795008 0.00215308 -0.000781692 -0.00244313 -0.0102434 0.00731409 -0.0646157 0.00515305 -0.000173115 0.018393 -0.012387 0.00182617 -0.0453676 -0.00455069 -0.00306205 -0.00370993 -0.00184658 -0.0819717 -0.000780372 0.00721098 0.00732416 0.0141289 -0.0506426
0.00179213 -0.00257807 -0.00777213 0.0228883 -0.0274063 -0.0248067 -0.0258103 0.00223631 -0.0235109 0.0113011 -0.0334482 0.00168159 -0.0491707 0.00181122 0.0028881 0.00221746 -0.000670397 0.00167312 -0.0447634 0.00105643 0.000738896 -0.000892563 -0.010968 -0.0382527 0.636624 0.00170877 -0.0334962 -0.000984032 -0.0330202 0.00713324 0.00423461 0.0112555 -0.00140309 0.0022535 -0.00322013 0.00171213 0.00147352 -0.00399202 0.000798703 0.0169256 -0.000933026 0.00793371 -0.0119231 0.000389048 0.00139441 -0.00415391 0.00691319 -0.00988828 -0.000895438 0.0165058 -0.0472228 -0.00758123 -0.000617649 -0.00622698 -2.64349e-05 -0.0300729 -0.0143654 0.00359185 0.0153469 -0.0096885 -0.000569669 -0.00290492 -3.674e-05 0.0129658 0.00082921 0.0108232 -0.0675889 -0.00565691 -0.0711381 0.0228808 0.0120574 0.000813741 0.00310114 -0.013347 0.0163672 -0.0269744 0.0128154 0.000148419 0.00130859 0.00133022 0.0188892 -0.0521081 0.00143869 -0.0581722 -0.0114748 -0.0154145 -0.00511831 -1.62011e-05 -0.0123781 -0.0917239 0.00346458 0.00022782 -0.000925568 0.015159 -0.0119565 -0.0037519 0.00112955 0.0119038 0.00832362 0.0128231
0.0151505 0.00127821 -0.00223735 -0.000976258 -0.000466789 5.40639e-05 0.00351546 -0.0374233 -0.000175321 0.00395857 -0.00303506 -0.00508735 0.00214285 0.000708895 0.000301367 -0.0487272 -0.0205859 -0.00205846 -0.000665002 -0.00185615 0.0154928 -0.0319045 -0.000723896 -0.000661224 0.00170877 0.680906 -0.00103233 0.00122606 0.000386808 -0.000210692 0.0034541 0.00462524 -0.0137266 -0.00492696 -0.0184996 -0.0223714 0.00131827 -0.000518722 -0.0441102 -0.00253445 -0.0351677 0.000816857 -0.00642599 -0.0426622 -0.0482423 0.00176984 -0.00560563 -0.000704134 -0.0262592 0.00169635 -0.000272862 -0.0016595 0.00919357 -0.0247042 -0.0253647 -0.000902123 0.00332448 -0.00874193 0.00208332 -0.000785513 -0.0230261 -0.0181919 -0.0452022 -0.00211573 -0.0102347 -0.0015109 0.000274391 0.00118596 -0.00177116 -0.000962468 0.00217668 -0.0335503 0.000372119 0.00148734 -0.00157646 0.00148312 -0.00125992 0.0116249 -0.000972532 -0.0407502 -0.000570693 0.00277666 -0.0242705 -0.00436687 -0.000391621 0.00117102 -0.00480832 -0.0465727 -0.00801094 0.00416324 -0.000595327 0.00051949 0.00191838 0.000535339 -0.0089849 0.00198304 -0.0228659 -0.00181781 0.00168693 0.00462535
-0.000284171 -0.0046604 -0.00167831 -0.00595352 -0.0131692 -0.00354228 -0.0491801 -0.00218321 0.00150436 0.00213015 -0.0211335 -0.00135027 -0.0402585 -0.0071009 -0.00299792 0.000364514 0.00188311 -0.011598 0.0138918 0.00130684 -0.00010527 0.00297764 0.0095114 0.0133513 -0.0334962 -0.00103233 0.651136 0.00548349 -0.0638576 0.00038421 -0.0346838 0.0151436 0.000557706 -0.00395468 0.000149839 -0.00148563 -0.00720178 -0.0430237 -0.00157631 -0.0194779 0.00210868 0.00939619 0.00430606 0.00233174 0.000749752 0.0040098 -0.00296452 0.000733977 0.00182649 0.017827 -0.0502721 -0.00405831 -0.00255773 0.00168015 0.00139151 -0.0735681 -0.0518974 -0.00494764 0.00172482 0.0065018 0.00121292 0.00215429 0.00337166 -0.0347054 -0.00116025 -0.00848277 -0.0484227 0.0139197 -0.0158801 -0.00595844 -0.010606 -0.00188351 -0.00720084 -0.0321864 0.00386384 -0.0048972 -0.00750634 0.00307727 -0.000329964 -0.00040155 -0.00149921 -0.0323875 -0.0018413 -0.0293437 0.0128143 0.0239537 0.00422033 0.00381384 0.004338 -0.0156724 -0.0028391 0.00253698 0.00332222 -0.0207922 -0.00590843 0.0139873 -0.00205661 -0.0075688 -0.0362583 0.0233768
-0.00171755 -0.00161936 -0.000609931 0.00188779 -0.010047 0.00515677 -0.00256919 0.00152893 -0.00853226 -0.00396221 -0.00456363 -0.000271322 0.00323817 6.79371e-05 0.00580307 0.00176555 -0.00159695 -0.02111 -0.000288421 0.00424041 -0.00306276 -0.00139407 0.00237481 -0.0037713 -0.000984032 0.00122606 0.00548349 0.642122 0.00458376 0.00268569 -0.00578331 0.00048284 -0.000180332 0.000169872 -0.000706317 0.00020595 0.00167036 -0.00343292 0.000972328 0.00499371 -0.000437065 -0.0405266 -0.00203004 -0.000240059 0.000729627 -0.093886 0.00249064 -0.00138665 -0.00145998 0.000267178 0.00676827 0.00545532 -0.00287216 -0.000386276 -0.000853577 0.004869 -0.00111203 0.00100149 0.00438571 0.00858326 -0.00138712 -0.00148045 -0.000514182 0.00988678 0.000123335 -0.0687676 0.00456422 -0.0501657 0.0007014 0.00223597 -0.00256375 0.000857469 0.00269927 0.00639108 0.00267696 -0.00961985 -0.0588432 -0.00277896 -0.000109366 0.000767217 0.00639136 0.00137083 0.00114163 0.00223994 -0.0159848 -0.0324573 0.002643 -0.00022803 -0.00134387 -0.00241823 -0.0824474 -0.0847143 -0.08665 0.00733891 0.00680555 -0.07587 0.00107794 0.00521548 -0.00373118 -0.00102364
-0.000530853 -0.00501466 -0.0020837 -0.00678693 -0.0148579 -0.0133946 -0.0595829 0.000295418 -0.00166993 0.00147836 -0.0149576 0.000360716 -0.0486717 -0.00322285 -0.0172039 0.00227117 -0.00086986 -0.00716368 0.0130555 0.0052276 -0.00356128 -0.000610736 0.00834262 0.00737238 -0.0330202 0.000386808 -0.0638576 0.00458376 0.661856 0.00979176 -0.0318871 0.00655888 0.00105096 -0.000693551 -0.000353227 -0.000239544 -0.00347177 -0.0296122 -0.000667866 -0.0178356 0.000945876 0.00863412 0.00141025 0.00030671 0.000310091 0.0028597 0.00624643 -0.00157776 -0.000911814 0.0118627 -0.0457354 -0.00339237 -0.00479959 0.00201375 -0.000401588 -0.0623728 -0.0582126 -0.000286689 0.00504008 0.00626622 -0.0010112 -0.000450624 0.000397765 -0.0339422 0.000691405 -0.00345194 -0.0409855 0.0103256 -0.00679394 -0.00862048 -0.00358898 0.000140784 -0.00237316 -0.0459097 0.00953413 -0.0123964 -0.0044407 -0.00492359 0.00174789 0.000134905 -0.00563982 -0.045825 0.00071793 -0.0124517 0.0133549 0.0195429 0.00950035 0.00139202 0.00286205 -0.0218036 -4.42543e-05 0.00408257 0.00258989 -0.033671 0.0110298 0.0116302 0.000590154 -0.00506797 -0.0273635 0.00861093
0.007181 0.0170512 -0.0188544 -0.00332688 -0.0159803 0.00376166 0.0153809 -0.00114846 -0.010799 -0.0726489 0.0241143 0.00478635 0.0183891 0.0124596 0.00191192 -0.00786195 0.0146618 -0.00875685 0.00110756 -0.069422 0.0189612 0.00998689 0.00797584 0.0236601 0.00713324 -0.000210692 0.00038421 0.00268569 0.00979176 0.57461 -0.053484 0.00589756 -0.0116895 0.00796412 -0.0124366 0.0103618 -0.00470926 -0.0345347 -0.00786091 -0.00491265 0.0051945 0.0143629 -0.040894 0.00336341 -0.00504734 -0.000698223 -0.0127218 -0.026011 0.0157793 -0.0421807 -0.00112048 0.000106695 0.0241747 -0.0201105 0.00892004 -0.00266136 0.00207153 0.00729013 -0.0102416 0.00611211 0.0166655 -0.00309509 0.000433998 -0.00883545 -0.00146816 -0.00143748 -0.0066811 -0.00670266 0.00246352 -0.00411005 -0.0905735 0.0065186 -0.0115104 0.011269 -0.0684478 0.0293243 0.00159953 0.0142755 -0.00386101 0.00174595 -0.0011061 0.0218548 -0.00641825 0.00539938 -0.00137234 -0.00564007 -0.116457 -0.00297788 -0.0566597 0.000890992 0.0015699 0.00343542 -0.00224151 -0.00728917 -0.00662644 0.00174815 -0.00649648 0.00240085 -0.0812354 0.00391943
